0 0.23502788461538462 0.46703468208092486 0.21515673076923078 0.4728150289017341 0.19945096153846154 0.48321965317919074 0.18598942307692307 0.5055699421965317 0.17925865384615386 0.5256080924855492 0.1795798076923077 0.5491156069364163 0.18118173076923078 0.5679976878612717 0.1891951923076923 0.5891919075144508 0.20970769230769232 0.6080751445086705 0.23374615384615385 0.6111572254335259 0.25842596153846153 0.6034508670520231 0.2750923076923077 0.5861098265895954 0.2802201923076923 0.5679976878612717 0.2770153846153846 0.5491156069364163 0.2680413461538461 0.5414080924855491 0.2590663461538461 0.535242774566474 0.25457980769230765 0.5163595375722544 0.2555413461538461 0.5005606936416185 0.2590663461538461 0.48553179190751444 0.2558615384615385 0.47319999999999995 0.23502788461538462 0.46703468208092486
0 0.18727211538461538 0.59497225433526 0.20874615384615386 0.6315815028901733 0.2077846153846154 0.6442982658959537 0.16868173076923076 0.6431421965317919 0.16868173076923076 0.634278612716763 0.18727211538461538 0.59497225433526
0 0.36451538461538463 0.49824855491329484 0.37316923076923075 0.5136624277456647 0.36579711538461535 0.5171306358381502 0.3600278846153846 0.512121387283237 0.35906634615384614 0.5051849710982659 0.36451538461538463 0.49824855491329484
0 0.27348942307692303 0.4392890173410405 0.2940028846153846 0.4758971098265896 0.2911182692307692 0.4801364161849711 0.2536182692307692 0.48167745664739886 0.2516951923076923 0.4755121387283237 0.27348942307692303 0.4392890173410405
0 0.46932307692307695 0.4489225433526011 0.4661182692307692 0.4539317919075145 0.46387403846153846 0.4604832369942196 0.4664384615384615 0.4689606936416185 0.4731692307692308 0.47011676300578037 0.47829711538461533 0.4681907514450867 0.47220769230769233 0.4585560693641619 0.46932307692307695 0.4489225433526011
0 0.3545798076923077 0.31558959537572256 0.3452846153846154 0.3236820809248555 0.3375923076923077 0.33562774566473985 0.3305413461538461 0.3475734104046243 0.3154769230769231 0.36260231213872834 0.3000923076923077 0.37146589595375723 0.28086153846153844 0.3799433526011561 0.2725278846153846 0.3876508670520231 0.2709259615384615 0.4022947976878613 0.2766951923076923 0.42156184971098265 0.2920798076923077 0.4408300578034682 0.31066923076923075 0.45508786127167633 0.32637403846153845 0.4539317919075145 0.34624615384615387 0.4439132947976879 0.37316923076923075 0.40576300578034685 0.3895153846153846 0.37146589595375723 0.3924 0.3437202312138728 0.3879125 0.33100346820809246 0.3786182692307692 0.31790173410404626 0.3674 0.3136624277456647 0.3545798076923077 0.31558959537572256
0 0.40874615384615387 0.2069190751445087 0.4084259615384615 0.23273757225433528 0.40682307692307695 0.24776647398843932 0.40457980769230767 0.2662635838150289 0.3927201923076923 0.2878439306358382 0.38502788461538456 0.3040289017341041 0.38566923076923076 0.32560809248554917 0.40425865384615384 0.3414080924855491 0.4334259615384615 0.34564739884393064 0.4507336538461538 0.3414080924855491 0.4648355769230769 0.3213699421965318 0.47413076923076924 0.29516531791907513 0.4747721153846154 0.2523907514450867 0.4702846153846154 0.21693757225433527 0.4584259615384615 0.19689942196531793 0.44752788461538456 0.18533872832369944 0.4315028846153846 0.1841826589595376 0.4174 0.18957803468208095 0.40874615384615387 0.2069190751445087
0 0.5773355769230769 0.29978959537572253 0.5927201923076922 0.34102312138728325 0.5994509615384616 0.34102312138728325 0.6218875 0.3013306358381503 0.6151567307692308 0.2947803468208093 0.5824644230769231 0.2947803468208093 0.5773355769230769 0.29978959537572253
0 0.6315028846153846 0.18032947976878613 0.6523355769230769 0.22040578034682082 0.6606692307692308 0.2165526011560694 0.6805413461538462 0.18225549132947977 0.6770153846153846 0.17686127167630059 0.6391951923076924 0.17531907514450867 0.6315028846153846 0.18032947976878613
0 0.6555413461538462 0.06318034682080925 0.669964423076923 0.06934682080924856 0.6763740384615384 0.0843757225433526 0.6795798076923077 0.0982485549132948 0.6786182692307693 0.11250635838150289 0.6728490384615385 0.13215953757225432 0.6632336538461538 0.14757341040462427 0.6401567307692309 0.16221734104046245 0.6218875 0.1629884393063584 0.5965663461538462 0.149885549132948 0.5856692307692307 0.13601271676300578 0.5728490384615385 0.11558959537572254 0.5696432692307692 0.09400924855491329 0.5690028846153846 0.0755121387283237 0.5766951923076924 0.0523907514450867 0.5840663461538461 0.041986127167630054 0.5914384615384616 0.03774682080924856 0.6055413461538461 0.038517919075144506 0.6103490384615385 0.04391329479768786 0.6167586538461538 0.0593271676300578 0.6273355769230768 0.06703468208092485 0.6465663461538461 0.06703468208092485 0.6555413461538462 0.06318034682080925
0 0.4770153846153846 0.31558959537572256 0.4677201923076923 0.32483815028901736 0.45810480769230766 0.34102312138728325 0.4452846153846154 0.3545098265895954 0.4318230769230769 0.36684161849710983 0.4122721153846154 0.3780173410404624 0.40105384615384615 0.3837976878612717 0.39560480769230766 0.3926601156069364 0.3952846153846154 0.40345086705202315 0.3975278846153846 0.4204057803468208 0.4103490384615384 0.43659075144508674 0.4257336538461538 0.4516196531791908 0.4398355769230769 0.45778612716763006 0.45746442307692303 0.4520057803468208 0.4715663461538461 0.442371098265896 0.49336153846153846 0.40961618497109825 0.5093875 0.3799433526011561 0.5148355769230769 0.3491156069364162 0.5122721153846154 0.33716878612716766 0.5061817307692308 0.32483815028901736 0.4972076923076923 0.3190578034682081 0.4770153846153846 0.31558959537572256
0 0.7856692307692308 0.5518127167630058 0.7843875 0.5664566473988439 0.7779769230769231 0.5768612716763006 0.7674 0.5968994219653179 0.7558615384615385 0.6142404624277457 0.7468875 0.633893641618497 0.7411182692307693 0.6462254335260116 0.7311817307692308 0.6473815028901734 0.7247721153846154 0.6377468208092485 0.7212461538461539 0.6288843930635838 0.7234894230769231 0.6150115606936416 0.7302201923076923 0.5980554913294798 0.7398355769230769 0.5753190751445086 0.748810576923077 0.5602901734104047 0.7597076923076923 0.5483445086705202 0.7641951923076924 0.5456473988439307 0.7811817307692307 0.5460323699421965 0.7856692307692308 0.5518127167630058
0 0.5334259615384616 0.6539317919075144 0.6949644230769231 0.7155895953757225 0.6853490384615385 0.7279202312138727 0.6526567307692308 0.7741630057803468 0.5882336538461539 0.7818705202312138 0.5375923076923077 0.7310034682080925 0.5334259615384616 0.6539317919075144
0 0.6709259615384616 0.7695387283236994 0.8257336538461538 0.8296543352601156 0.7766951923076924 0.8755121387283237 0.7250923076923077 0.8766682080924856 0.6840663461538461 0.8385179190751445 0.6686817307692308 0.7784023121387283 0.6709259615384616 0.7695387283236994