0 0.31850249999999997 0.7305475 0.3116791666666667 0.73175875 0.3106375 0.73238375 0.3106375 0.73379 0.3120441666666666 0.735665 0.3149608333333333 0.7372275 0.320065 0.73738375 0.32542916666666666 0.736094375 0.3277208333333333 0.73445375 0.32813749999999997 0.7320712500000001 0.3275125 0.73007875 0.32480416666666667 0.729688125 0.3208983333333333 0.73004 0.31850249999999997 0.7305475
0 0.48551583333333337 0.6955737499999999 0.44978666666666667 0.7043237499999999 0.4475991666666667 0.705964375 0.44718250000000004 0.707683125 0.44676583333333336 0.70963625 0.44968250000000004 0.71307375 0.45426583333333337 0.71744875 0.45687 0.7201831249999999 0.46030750000000004 0.7220581249999999 0.4729116666666667 0.72088625 0.48405750000000003 0.7190112499999999 0.4928075 0.71588625 0.5063491666666667 0.7112768749999999 0.5145783333333334 0.7086987499999999 0.5213491666666666 0.7065112499999999 0.5241616666666666 0.7038549999999999 0.5245783333333334 0.6978393749999999 0.52437 0.692058125 0.5240575000000001 0.6902612499999999 0.5204116666666667 0.6897924999999999 0.5158283333333333 0.689870625 0.48551583333333337 0.6955737499999999
0 0.6661241666666667 0.51014375 0.6620091666666666 0.514089375 0.6615924999999999 0.516276875 0.6618008333333333 0.519089375 0.66253 0.520339375 0.6659158333333334 0.521276875 0.6696133333333333 0.521589375 0.6723216666666666 0.520925 0.6749258333333333 0.517683125 0.6771133333333332 0.515065625 0.6773216666666666 0.512683125 0.6760716666666666 0.511433125 0.6724258333333333 0.51014375 0.6680508333333333 0.5099875 0.6661241666666667 0.51014375
0 0.13227 0.53405 0.12674916666666666 0.537253125 0.12367583333333333 0.53994875 0.12268666666666665 0.541355 0.12237416666666666 0.542995625 0.12268666666666665 0.544245625 0.12414499999999999 0.544558125 0.12810333333333332 0.542683125 0.13487416666666666 0.538620625 0.13794666666666666 0.535964375 0.14003 0.533933125 0.14003 0.53276125 0.13924916666666665 0.5322925000000001 0.13586333333333334 0.532995625 0.13227 0.53405
0 0.2696308333333333 0.49803437500000003 0.2673391666666667 0.499909375 0.2664016666666667 0.502253125 0.267235 0.50701875 0.2689016666666667 0.511003125 0.272235 0.519128125 0.27879750000000003 0.53405 0.28119333333333335 0.5380343750000001 0.2844225 0.5406125 0.290985 0.5419406250000001 0.327235 0.54358125 0.3319225 0.542565625 0.33431833333333333 0.541003125 0.3351516666666667 0.5374875 0.33296416666666667 0.528346875 0.33088083333333335 0.52483125 0.32567250000000003 0.521628125 0.29733916666666665 0.506315625 0.2827558333333334 0.49967500000000004 0.2779641666666667 0.49795625 0.2746308333333333 0.497096875 0.2714016666666667 0.497096875 0.2696308333333333 0.49803437500000003
0 0.22563833333333336 0.376589375 0.22240833333333332 0.378190625 0.2199608333333333 0.379596875 0.21860666666666664 0.380690625 0.2180858333333333 0.381784375 0.2180858333333333 0.38338625 0.21912749999999998 0.384596875 0.22178333333333333 0.385378125 0.22579416666666666 0.385690625 0.2312108333333333 0.384909375 0.23443999999999998 0.38369875 0.2368875 0.382253125 0.23855416666666665 0.380690625 0.23944 0.37944062500000003 0.2393358333333333 0.37717500000000004 0.23803333333333332 0.375925 0.23506499999999997 0.3753 0.22850249999999997 0.37588625 0.22563833333333336 0.376589375
0 0.7889708333333333 0.352051875 0.786835 0.35357500000000003 0.7853249999999999 0.354746875 0.7847516666666666 0.35576250000000004 0.7850125 0.3574425 0.78746 0.359903125 0.7892833333333333 0.36154375 0.7914708333333333 0.3624425 0.7948041666666666 0.362520625 0.7986583333333334 0.36154375 0.8010541666666666 0.359903125 0.8020958333333333 0.3576375 0.8011058333333333 0.35322375 0.7985541666666667 0.351583125 0.7950641666666667 0.351075 0.7912625 0.351270625 0.7889708333333333 0.352051875
0 0.77095 0.35545000000000004 0.7681891666666667 0.357755 0.7676683333333333 0.35943437500000003 0.7679808333333333 0.3620125 0.7687625 0.3642 0.7700641666666667 0.365996875 0.7714183333333333 0.36728625000000004 0.7731375 0.368301875 0.7742833333333333 0.368614375 0.7803249999999999 0.368809375 0.7829291666666667 0.3680675 0.7842833333333333 0.366778125 0.7844391666666667 0.36463 0.7799083333333333 0.35779375 0.7782933333333333 0.355645625 0.7763141666666666 0.35498125 0.7738666666666667 0.354864375 0.77095 0.35545000000000004
0 0.6570783333333333 0.22073687499999997 0.6506891666666667 0.22282 0.6457591666666667 0.22589312499999997 0.6408283333333333 0.22907 0.6384675 0.23104937499999997 0.6381891666666667 0.23318437500000003 0.6383975 0.238184375 0.6401341666666667 0.242143125 0.6440225 0.247246875 0.6473558333333334 0.250684375 0.6507591666666667 0.25235125 0.6604116666666667 0.25214312499999997 0.6707591666666666 0.251518125 0.6740225 0.24933062499999997 0.6779808333333334 0.24380937500000002 0.679995 0.239486875 0.6802033333333334 0.231621875 0.6765225 0.22797625 0.6695783333333334 0.2231325 0.6635366666666667 0.22058062499999997 0.6570783333333333 0.22073687499999997
0 0.7028075 0.21245562499999998 0.7006716666666667 0.21378375 0.7003075 0.215931875 0.7026508333333333 0.219525625 0.7050991666666667 0.222143125 0.7067133333333334 0.22311937499999998 0.709995 0.2231975 0.7125991666666667 0.22225999999999999 0.7136408333333334 0.219799375 0.7128075 0.21585374999999998 0.7108283333333334 0.213393125 0.7093700000000001 0.21269 0.7068175 0.21226 0.7028075 0.21245562499999998
0 0.1681375 0.139590625 0.16730416666666664 0.140958125 0.16751249999999998 0.144746875 0.16943916666666667 0.147715625 0.1740225 0.153184375 0.17761666666666664 0.15748125 0.18381416666666667 0.16423937500000002 0.18756416666666667 0.167676875 0.18985583333333333 0.16974687500000002 0.19199166666666664 0.17091875 0.19423083333333332 0.17115312500000002 0.19574166666666665 0.171309375 0.19667916666666665 0.1707625 0.196835 0.16904375000000002 0.19636666666666666 0.16724687500000002 0.1943875 0.1642 0.18261666666666665 0.150528125 0.17318916666666667 0.14142687499999998 0.17178333333333332 0.140215625 0.1697 0.139395625 0.1681375 0.139590625
0 0 0.0292525 0.01246 0.030931875 0.0243875 0.033236875 0.034335 0.036283750000000003 0.03662666666666667 0.037533750000000005 0.0377725 0.03929125 0.037825 0.041127500000000004 0.0371475 0.043353749999999996 0.016192500000000002 0.076140625 0.0134325 0.076804375 0.008275833333333333 0.07657 0 0.075398125 0 0.0292525
0 0.407495 0.11907 0.40770333333333336 0.107078125 0.40864083333333334 0.10453875 0.41004666666666667 0.10246875 0.41285916666666667 0.10078875 0.4150466666666667 0.10047625 0.417495 0.10090624999999999 0.4207758333333333 0.102585625 0.42395333333333335 0.10559374999999999 0.42676583333333334 0.10989062499999999 0.4273383333333334 0.11766375 0.42926583333333335 0.122116875 0.42926583333333335 0.14047625 0.42926583333333335 0.14285937499999998 0.4293175 0.144304375 0.4284841666666667 0.145241875 0.42707833333333334 0.145710625 0.4247866666666667 0.146023125 0.4224425 0.14676562499999998 0.4198908333333334 0.14825 0.41624500000000003 0.149460625 0.41364083333333335 0.149929375 0.41051583333333336 0.149734375 0.4071825 0.149148125 0.4036925 0.147703125 0.40254666666666666 0.145945 0.4009325 0.142625 0.40030750000000004 0.135515625 0.40285916666666666 0.130241875 0.40562000000000004 0.123875 0.407495 0.11907
0 0.6530333333333334 0.149734375 0.6483800000000001 0.15082812499999998 0.6442833333333333 0.15317187499999999 0.6385191666666666 0.15713 0.6355333333333333 0.159213125 0.63338 0.1605675 0.6317833333333334 0.16291125 0.6318524999999999 0.16759875000000002 0.6331716666666667 0.170671875 0.6371300000000001 0.175671875 0.6406025 0.17972124999999997 0.6434675 0.181088125 0.6490925 0.18124437499999999 0.6624774999999999 0.180775625 0.6664883333333332 0.17944749999999998 0.6695091666666666 0.17616625 0.6720091666666667 0.17272875 0.6734675 0.17018999999999998 0.6740925 0.16593187499999998 0.67404 0.16034625 0.6714883333333332 0.15522875 0.6647691666666666 0.151361875 0.6610191666666666 0.15003375 0.6530333333333334 0.149734375
0 0.6715399999999999 0.078875 0.6617483333333333 0.077741875 0.6565924999999999 0.07672625 0.653415 0.076179375 0.6511233333333333 0.076179375 0.6493525 0.077 0.6486758333333333 0.078366875 0.6481549999999999 0.0810625 0.6489883333333333 0.08403124999999999 0.6508633333333332 0.087390625 0.6532591666666666 0.090866875 0.6609149999999999 0.102273125 0.6663316666666667 0.11004687499999999 0.6688316666666666 0.11379687499999999 0.6718008333333333 0.116140625 0.6763841666666667 0.117625 0.6813316666666667 0.118171875 0.6858633333333333 0.11903124999999999 0.6939358333333333 0.1200075 0.6988841666666666 0.120398125 0.7023733333333333 0.11981249999999999 0.704665 0.11840624999999999 0.7060716666666667 0.11582812499999999 0.7071649999999999 0.11141375 0.7079983333333333 0.10547625 0.7069566666666667 0.102390625 0.7053941666666667 0.10016375 0.7022691666666666 0.09653125 0.6972691666666666 0.09160937499999999 0.6880508333333333 0.08582812499999999 0.6797691666666666 0.08047625 0.6715399999999999 0.078875
0 0.38285916666666664 0.275866875 0.3501508333333333 0.29203875 0.34942166666666663 0.292898125 0.3490575 0.29422625 0.3421475 0.40045000000000003 0.34298083333333335 0.40185625 0.4623041666666667 0.467455625 0.4644391666666667 0.467650625 0.46568916666666665 0.46608812499999996 0.48763416666666665 0.35503375 0.4898383333333334 0.304994375 0.4731025 0.23222125 0.47128 0.232065 0.38285916666666664 0.275866875
0 0.47515083333333336 0.241140625 0.4735883333333334 0.2341875 0.4741091666666667 0.23360125 0.47681750000000006 0.2335625 0.6190924999999999 0.24857500000000002 0.6214358333333333 0.249239375 0.6237275 0.251270625 0.6927725 0.34373125000000004 0.6929291666666667 0.34498125 0.6922 0.346465625 0.6703766666666666 0.377833125 0.6671475 0.379239375 0.6565225 0.39509875 0.6554808333333333 0.398301875 0.6227550000000001 0.44495562499999997 0.6212966666666667 0.44569749999999997 0.46749500000000005 0.4631975 0.466245 0.462650625 0.48761666666666664 0.35487749999999996 0.4899258333333333 0.30491625 0.47515083333333336 0.241140625
1 0.1616275 0.50754 0.16751249999999998 0.5011725 0.16865833333333333 0.500313125 0.17037750000000002 0.500469375 0.17115833333333333 0.50164125 0.19775583333333333 0.562031875 0.19765166666666667 0.5635162499999999 0.19739083333333332 0.5642975 0.196245 0.56488375 0.1928075 0.56488375 0.11102 0.556524375 0.10956166666666665 0.55586 0.10919666666666666 0.55457125 0.10961333333333334 0.55254 0.11075916666666667 0.550899375 0.1616275 0.50754
1 0.10242583333333334 0.23188875 0.10643666666666667 0.22536562499999999 0.10726999999999999 0.224623125 0.10956166666666665 0.22438875 0.11102 0.224779375 0.12674916666666666 0.233998125 0.14681833333333333 0.24863375000000001 0.15640166666666666 0.255274375 0.15728666666666666 0.25738375 0.15707833333333332 0.25882875 0.07390166666666667 0.293776875 0.07213083333333334 0.293855 0.07015166666666667 0.293659375 0.06978666666666666 0.29182375 0.07036 0.289909375 0.10242583333333334 0.23188875
1 0.1377725 0.1211275 0.09089749999999999 0.14366625 0.0897 0.144565 0.08990833333333334 0.145619375 0.09209583333333334 0.147065 0.20237333333333335 0.19190875 0.2053425 0.19202562499999998 0.2065925 0.19171312499999998 0.20695666666666668 0.19026812499999998 0.1967833333333333 0.09874437500000001 0.19615833333333332 0.097025625 0.19506416666666668 0.09593187500000001 0.19318916666666666 0.09565875 0.19042916666666665 0.09644 0.1377725 0.1211275