0 0.9709591666666667 0.73638375 0.9686675 0.7387275 0.9670525 0.739743125 0.9650216666666668 0.7399775 0.9624691666666666 0.7401337499999999 0.9607508333333334 0.74107125 0.9602816666666666 0.7426725000000001 0.9605941666666666 0.745055625 0.9630425 0.7464618749999999 0.9683025 0.7465787500000001 0.9725216666666667 0.745915 0.9747091666666667 0.744938125 0.9757508333333333 0.7437275 0.9760108333333333 0.738844375 0.9755941666666667 0.7373212499999999 0.9739800000000001 0.73654 0.9719483333333333 0.736031875 0.9709591666666667 0.73638375
0 0.6931983333333332 0.7639225000000001 0.6916358333333333 0.766031875 0.6909066666666667 0.767985 0.690855 0.76986 0.6929383333333333 0.772594375 0.69648 0.774313125 0.7001775 0.774743125 0.7050216666666667 0.7739618749999999 0.7081466666666666 0.771031875 0.708355 0.7677118749999999 0.7069483333333333 0.7652899999999999 0.7049691666666666 0.76388375 0.7009066666666667 0.76279 0.697105 0.76279 0.6931983333333332 0.7639225000000001
0 0.06158416666666666 0.76779 0.050125833333333335 0.768649375 0.0480425 0.76986 0.047156666666666666 0.7711100000000001 0.0474175 0.77325875 0.04913583333333334 0.77486 0.053198333333333334 0.7756412500000001 0.060698333333333326 0.775993125 0.06799 0.775719375 0.07246916666666667 0.7745475 0.07439666666666667 0.772399375 0.07481333333333333 0.7705243749999999 0.07314666666666667 0.768649375 0.06819833333333333 0.76779 0.06158416666666666 0.76779
0 0.29309 0.6723300000000001 0.28553833333333334 0.672446875 0.28486083333333334 0.6732675 0.284965 0.6744 0.2861633333333333 0.676158125 0.2881941666666667 0.67736875 0.29033000000000003 0.67799375 0.29236083333333335 0.678228125 0.29460083333333337 0.6778375 0.2963716666666667 0.67736875 0.29835083333333334 0.6766656249999999 0.29960083333333337 0.67608 0.30048583333333334 0.675415625 0.301215 0.67393125 0.30116333333333334 0.673228125 0.30064250000000003 0.672603125 0.29824666666666666 0.6720175 0.29309 0.6723300000000001
0 0.03260416666666666 0.564660625 0.027395833333333335 0.56884 0.025781666666666665 0.571418125 0.024948333333333333 0.573761875 0.024531666666666667 0.575793125 0.024739999999999998 0.577511875 0.026406666666666665 0.578215 0.02828166666666667 0.577668125 0.030885833333333335 0.576418125 0.03864583333333333 0.5704025 0.042865 0.566886875 0.045365 0.564543125 0.04625 0.56259 0.0463025 0.561418125 0.0459375 0.560598125 0.04401083333333333 0.560285625 0.039635833333333335 0.56130125 0.03349 0.5639575 0.03260416666666666 0.564660625
0 0.08576416666666667 0.56248625 0.08446166666666667 0.565064375 0.08430583333333333 0.567720625 0.08513916666666667 0.570571875 0.086285 0.5731499999999999 0.0878475 0.575259375 0.0897225 0.576978125 0.0922225 0.578228125 0.096285 0.5784625 0.09800333333333333 0.577564375 0.09951416666666667 0.5765487499999999 0.100035 0.575376875 0.10008666666666667 0.572525 0.0997225 0.5695175 0.09888916666666667 0.567251875 0.09716999999999999 0.56467375 0.0947225 0.562564375 0.09258666666666666 0.56186125 0.09008666666666666 0.561626875 0.08816 0.5615875 0.08696166666666666 0.56186125 0.08576416666666667 0.56248625
0 0.23125 0.536705 0.2253125 0.536939375 0.21927083333333333 0.53733 0.21572916666666667 0.5389706249999999 0.21135416666666668 0.54217375 0.19958333333333333 0.5635018749999999 0.19885416666666667 0.56779875 0.19885416666666667 0.5713925 0.201875 0.574751875 0.20583333333333334 0.577876875 0.21416666666666667 0.582564375 0.23416666666666666 0.591001875 0.2646875 0.5997518749999999 0.2859375 0.604126875 0.29322916666666665 0.6051424999999999 0.29802083333333335 0.6053768749999999 0.30375 0.60373625 0.31125 0.601158125 0.36395833333333333 0.577720625 0.37375 0.5715487499999999 0.37895833333333334 0.567095625 0.38114583333333335 0.5638925 0.38208333333333333 0.5595175 0.38208333333333333 0.5565487499999999 0.3784375 0.5524081249999999 0.37177083333333333 0.5445175 0.36541666666666667 0.5381112499999999 0.3615625 0.5357675 0.35864583333333333 0.53467375 0.35375 0.5342049999999999 0.3478125 0.534751875 0.338125 0.536314375 0.3173958333333333 0.539283125 0.30125 0.540845625 0.2821875 0.5411581249999999 0.2680208333333333 0.540220625 0.24895833333333334 0.538033125 0.2384375 0.5372518749999999 0.23125 0.536705
0 0.35225666666666666 0.49494687499999995 0.347465 0.4953375 0.34658 0.4959625 0.3463716666666667 0.4976425 0.34954833333333335 0.49967374999999997 0.35444416666666667 0.5001424999999999 0.3587675 0.499595625 0.3617883333333333 0.49854062499999996 0.36366333333333334 0.49725187499999995 0.3634025 0.495376875 0.3587675 0.495025 0.35225666666666666 0.49494687499999995
0 0.6800350000000001 0.48607999999999996 0.6701733333333333 0.49107999999999996 0.66309 0.49774625 0.6587850000000001 0.504205 0.6567016666666667 0.513475625 0.6573958333333333 0.52243375 0.6601733333333333 0.5295175 0.66809 0.53743375 0.6761458333333333 0.5420174999999999 0.6842016666666667 0.54493375 0.6958683333333333 0.546913125 0.7061458333333334 0.546705 0.7169791666666666 0.54524625 0.72559 0.54243375 0.7317016666666667 0.539413125 0.7335066666666666 0.53733 0.7333683333333334 0.5153506250000001 0.7333683333333334 0.5069131250000001 0.7308683333333333 0.49670499999999995 0.7279516666666667 0.49055875 0.72559 0.4876425 0.7158683333333333 0.48399625 0.702535 0.48274625 0.6919791666666667 0.483163125 0.6855899999999999 0.4845175 0.6800350000000001 0.48607999999999996
0 0.36670166666666665 0.41092375 0.3653125 0.41311125 0.3648958333333333 0.41555875 0.3646183333333333 0.4197775 0.3646183333333333 0.42243375 0.36454833333333336 0.4241525 0.36559 0.42634 0.36920166666666665 0.42873625 0.37316 0.42956937500000003 0.3746875 0.429413125 0.37635416666666666 0.42811124999999994 0.37822916666666667 0.424881875 0.37892333333333333 0.4226425 0.3790625 0.41936124999999996 0.373785 0.41394437500000003 0.37135416666666665 0.41123624999999997 0.3696875 0.41009 0.36802083333333335 0.410194375 0.36670166666666665 0.41092375
0 0.20142333333333334 0.347199375 0.200035 0.34871 0.200035 0.35167875000000004 0.20114583333333333 0.3546475 0.20225666666666667 0.35746 0.2028125 0.36058500000000004 0.20329833333333333 0.363605625 0.20295166666666667 0.365949375 0.20197916666666665 0.36886625 0.201285 0.37152250000000003 0.20059 0.374699375 0.20066 0.37647062499999995 0.20163166666666665 0.37761625000000004 0.20420166666666667 0.378293125 0.20711833333333332 0.378189375 0.20892333333333332 0.376783125 0.21475666666666668 0.37053312499999996 0.2178125 0.36589750000000004 0.21829833333333334 0.362564375 0.2165625 0.357199375 0.21316 0.35199125000000003 0.210035 0.34871 0.2071875 0.347355625 0.20475666666666667 0.346835 0.20267333333333334 0.34678312499999997 0.20142333333333334 0.347199375
0 0.08918416666666666 0.324439375 0.08819416666666667 0.325415625 0.08793416666666666 0.326939375 0.08855916666666666 0.32842374999999996 0.08986083333333333 0.32982999999999996 0.09142333333333333 0.33037687499999996 0.09361083333333334 0.329321875 0.09543416666666667 0.326821875 0.09553833333333334 0.32471249999999996 0.094705 0.32389249999999997 0.092205 0.32389249999999997 0.08918416666666666 0.324439375
0 0.17184 0.312668125 0.16482666666666668 0.316783125 0.16308999999999998 0.3190225 0.16295166666666666 0.32183500000000004 0.1634375 0.32792875000000005 0.16572916666666668 0.33365812499999997 0.16899333333333333 0.338345625 0.17135416666666667 0.341261875 0.17482666666666666 0.34261625 0.1921875 0.34308500000000003 0.19607666666666668 0.342511875 0.19899333333333333 0.34042875 0.20329833333333333 0.33605375000000004 0.20670166666666667 0.33042875000000005 0.20795166666666667 0.326418125 0.20774333333333334 0.323033125 0.204965 0.3202725 0.19566 0.315636875 0.18774333333333335 0.31261625 0.18454833333333334 0.311886875 0.17934 0.311470625 0.1759375 0.311626875 0.17336833333333335 0.311939375 0.17184 0.312668125
0 0.1697225 0.23404875 0.1647225 0.236705 0.16149333333333332 0.238970625 0.1597225 0.24108000000000002 0.15816 0.24342375 0.15805583333333334 0.24733 0.15941 0.2526425 0.16743083333333333 0.2620175 0.17092000000000002 0.26463437500000003 0.17362833333333336 0.26565 0.18566 0.265376875 0.19420166666666666 0.26408750000000003 0.19763916666666667 0.262251875 0.20342000000000002 0.251705 0.20425333333333334 0.24682187500000002 0.2034725 0.24279875 0.1987325 0.23967375000000002 0.18691 0.23416562500000002 0.17925333333333335 0.233228125 0.17383666666666667 0.233384375 0.1697225 0.23404875
0 0.16559 0.154374375 0.15732666666666667 0.16067625 0.15517333333333333 0.16390562500000003 0.155035 0.168436875 0.157465 0.174634375 0.16267333333333334 0.18249937500000002 0.16663166666666668 0.186353125 0.169965 0.1877075 0.18982666666666667 0.187030625 0.19322916666666667 0.185624375 0.1984375 0.177395 0.20149333333333333 0.171040625 0.2009375 0.16598875 0.19489583333333332 0.1608325 0.18538166666666667 0.155103125 0.17954833333333334 0.15333249999999998 0.173785 0.15281187499999999 0.16927083333333334 0.153124375 0.16559 0.154374375
0 0.06892333333333334 0.05730375000000001 0.028923333333333332 0.056913125 0.027256666666666665 0.057343124999999995 0.026475833333333334 0.058788125000000004 0.026788333333333334 0.06148375 0.04901083333333334 0.09589750000000001 0.05119833333333334 0.097030625 0.05583333333333333 0.09746 0.14088583333333332 0.09811125000000001 0.14333333333333334 0.097134375 0.14541666666666667 0.09404875 0.16125 0.062446875000000006 0.1613025 0.060571875000000004 0.16020833333333334 0.059517499999999994 0.15901083333333332 0.059165625000000006 0.06892333333333334 0.05730375000000001
0 0.07364583333333333 0.05566312500000001 0.0690625 0.05761625000000001 0.06838583333333334 0.058749375 0.06854166666666667 0.059530625 0.1000525 0.059881875 0.10010416666666666 0.05855375 0.0984375 0.05730375000000001 0.0931775 0.055428750000000006 0.0881775 0.054803750000000005 0.08 0.054881875000000004 0.07588583333333333 0.055116250000000006 0.07364583333333333 0.05566312500000001
0 0.623785 0.39867125000000003 0.6195658333333334 0.39921812500000003 0.6170658333333333 0.399881875 0.6160241666666667 0.400585 0.6153991666666667 0.40179625 0.6160241666666667 0.402968125 0.6193575 0.404335 0.6228991666666667 0.405194375 0.6270141666666667 0.405350625 0.6304516666666667 0.404999375 0.6339408333333334 0.403944375 0.6353475000000001 0.40304625 0.6352433333333334 0.40136625000000004 0.6336808333333334 0.39964750000000004 0.6301391666666667 0.39855375000000004 0.6255033333333334 0.3983975 0.623785 0.39867125000000003
0 0.8206424999999999 0.335663125 0.8168924999999999 0.338085 0.8156424999999999 0.33980375 0.8151733333333333 0.341444375 0.8154341666666667 0.3433975 0.8177258333333333 0.344335 0.8201733333333333 0.34410062500000005 0.8227774999999999 0.34355375000000005 0.8278816666666666 0.3433975 0.8310066666666667 0.34367125000000004 0.8335066666666666 0.343905625 0.8351216666666667 0.34331937500000004 0.8350691666666666 0.3413275 0.8336633333333333 0.338788125 0.8301216666666666 0.336131875 0.8264758333333333 0.335350625 0.8231941666666667 0.335155625 0.8206424999999999 0.335663125
0 0.9771358333333334 0.34277250000000004 0.9697916666666667 0.34300687500000004 0.9690108333333334 0.3438275 0.9690625 0.345155625 0.9701566666666668 0.34691312500000004 0.9735941666666668 0.34898375000000004 0.9783858333333334 0.34898375000000004 0.9805733333333334 0.347694375 0.9814066666666668 0.345975625 0.9819791666666666 0.34429625 0.9814583333333333 0.34331937500000004 0.9793233333333334 0.34273375 0.9771358333333334 0.34277250000000004
0 0.5376566666666667 0.461965 0.5376566666666667 0.4639575 0.5392708333333334 0.466261875 0.5422916666666666 0.468136875 0.5461983333333333 0.46915250000000003 0.5494791666666666 0.468918125 0.5524483333333333 0.46774625000000003 0.55349 0.46618375 0.5531775 0.464465 0.5479166666666667 0.46302 0.5389066666666666 0.4616525 0.5376566666666667 0.461965
0 0.30874500000000005 0.24438500000000002 0.30416166666666666 0.24688500000000002 0.302495 0.25001 0.30624500000000004 0.270843125 0.30957833333333334 0.27948875 0.3131891666666667 0.283135 0.3206891666666667 0.28626 0.33235583333333335 0.28948875 0.3402725 0.28855125000000004 0.34291166666666667 0.28480125 0.3434675 0.2790725 0.343745 0.2709475 0.3416616666666667 0.267093125 0.33832833333333334 0.263135 0.3265225 0.253135 0.31735583333333334 0.24646812499999998 0.31443916666666666 0.2446975 0.31207833333333335 0.24355125 0.30874500000000005 0.24438500000000002
0 0.7182933333333333 0.36105125 0.7131891666666667 0.362379375 0.7078766666666667 0.364566875 0.7031891666666666 0.365973125 0.6998558333333333 0.36792625 0.6994391666666666 0.370816875 0.7025641666666667 0.37886375 0.7092308333333334 0.387691875 0.7135016666666667 0.39027 0.729335 0.389254375 0.7351683333333333 0.388004375 0.7391266666666667 0.383004375 0.7423558333333333 0.37652 0.7432933333333334 0.370504375 0.7426683333333334 0.3668325 0.7386058333333333 0.36355125 0.7331891666666667 0.36112937500000003 0.7272516666666666 0.36027000000000003 0.7231891666666667 0.36011375 0.7182933333333333 0.36105125
0 0.7154808333333333 0.28542625 0.70996 0.28777 0.7058975 0.2893325 0.7031891666666666 0.29042625 0.7013141666666667 0.29167625 0.7003766666666666 0.29386375000000003 0.69996 0.297535625 0.7015225 0.30261375 0.7066266666666666 0.3105825 0.711835 0.31480125000000003 0.7156891666666667 0.315504375 0.7327725 0.31425437500000003 0.7358975 0.31152 0.7388141666666667 0.307223125 0.7413141666666667 0.30308250000000003 0.7427725 0.29792625 0.7427725 0.29472312500000003 0.741835 0.291285625 0.73496 0.2862075 0.7295433333333333 0.284566875 0.7254808333333334 0.28417625 0.7195433333333333 0.284566875 0.7154808333333333 0.28542625
0 0.7160541666666667 0.20865562499999998 0.7093875 0.2118325 0.7048733333333334 0.21391625 0.7017483333333333 0.21542625 0.7000125 0.21667625000000001 0.6988316666666666 0.21855125 0.6981375 0.22172875 0.7004983333333333 0.228135 0.7025125 0.23292625 0.7061233333333333 0.23735375 0.7111933333333333 0.23995750000000002 0.7306374999999999 0.23954125 0.7356374999999999 0.2349575 0.7398733333333333 0.22855125 0.7420958333333333 0.22297875 0.7411933333333334 0.21787437499999998 0.73536 0.21136375000000002 0.7277208333333334 0.20823875 0.7225125 0.2080825 0.7186233333333333 0.20823875 0.7160541666666667 0.20865562499999998
0 0.8127208333333333 0.15803062499999998 0.8045266666666667 0.16204125000000003 0.8004291666666666 0.16391625 0.797165 0.16558250000000002 0.7962625 0.16751000000000002 0.7961233333333333 0.172718125 0.7986933333333334 0.18006187499999998 0.80404 0.18766625 0.8075816666666666 0.189436875 0.8273041666666666 0.18954125000000002 0.8321649999999999 0.18542625000000001 0.8385541666666666 0.17605125000000002 0.8391791666666667 0.16902 0.8368875 0.16266625 0.8316791666666666 0.158499375 0.8264016666666667 0.15672875 0.8192483333333332 0.15652 0.8127208333333333 0.15803062499999998
0 0.9738666666666668 0.128994375 0.9665058333333334 0.1348275 0.9573391666666666 0.140973125 0.9494225000000001 0.14524437499999998 0.9422 0.14889 0.9363666666666668 0.151806875 0.9331725 0.15639 0.9337274999999999 0.165244375 0.9385891666666667 0.176285625 0.9491441666666667 0.1854525 0.9628941666666666 0.190765 0.9780333333333334 0.19222312500000002 0.9942833333333334 0.19097312500000002 1 0.18774437500000002 1 0.133160625 0.9901166666666668 0.128265 0.9830333333333334 0.12732749999999998 0.9738666666666668 0.128994375
0 0.8737975 0.08748375 0.887235 0.07904625 0.9023391666666667 0.073186875 0.91911 0.06873375 0.9337975000000001 0.066155625 0.9479641666666667 0.06560875000000001 0.9596308333333333 0.066468125 0.9670266666666667 0.068655625 0.9726516666666667 0.07342125000000001 0.9778600000000001 0.081624375 0.9799433333333334 0.08787437499999999 0.9801516666666666 0.09693687499999999 0.9779641666666666 0.10943687499999999 0.9729641666666666 0.11928062499999999 0.9639016666666667 0.1292025 0.9507766666666667 0.138186875 0.9380683333333334 0.142718125 0.93036 0.144593125 0.9158808333333334 0.14404625 0.903485 0.14185875 0.8891100000000001 0.1360775 0.8801516666666667 0.129749375 0.87411 0.12123374999999999 0.8708808333333333 0.112405625 0.8699433333333334 0.10428062499999999 0.870985 0.096624375 0.8737975 0.08748375
0 0.5458108333333332 0.21542625 0.5578941666666666 0.19730125 0.5674775 0.1868325 0.5745608333333333 0.18136375000000002 0.5783108333333333 0.1793325 0.5843524999999999 0.17902 0.5933108333333333 0.18042625 0.5995608333333333 0.18527000000000002 0.6033108333333334 0.1924575 0.6022691666666666 0.2237075 0.6062274999999999 0.23917625 0.6070608333333333 0.2499575 0.6062274999999999 0.2574575 0.6043525 0.27464500000000003 0.6026858333333333 0.28245750000000003 0.6037275 0.31011375 0.6014358333333333 0.3149575 0.5974775 0.31870750000000003 0.5897691666666667 0.32136375 0.5837275 0.3224575 0.5753941666666667 0.3205825 0.5697691666666667 0.3174575 0.5581025 0.3043325 0.5472691666666666 0.2862075 0.5370608333333333 0.26698875 0.5331024999999999 0.25605125 0.5333108333333333 0.244645 0.5399775 0.22652 0.5458108333333332 0.21542625
0 0.5272691666666667 0.12589499999999998 0.5081025 0.13443687499999998 0.5006025 0.13902 0.4986583333333333 0.145061875 0.4992141666666667 0.15027 0.5069916666666666 0.158811875 0.527825 0.17172875 0.5372691666666666 0.173186875 0.5458808333333334 0.17047875 0.5558808333333334 0.16672875 0.5667141666666666 0.16297875 0.5747691666666667 0.16172875 0.5839358333333333 0.16172875 0.5919916666666667 0.162561875 0.6075475 0.16797875 0.6236583333333333 0.17527 0.6392141666666666 0.18172875000000002 0.6514358333333333 0.18547875000000003 0.6592141666666667 0.184436875 0.6658808333333334 0.17672875000000002 0.6725475 0.166311875 0.6744916666666666 0.15922875 0.6758808333333334 0.15047875 0.6739358333333333 0.145061875 0.6622691666666666 0.135895 0.6511583333333333 0.12797875 0.6389358333333333 0.11381187499999999 0.6231025 0.100061875 0.6147691666666666 0.09401999999999999 0.6069916666666667 0.09172875 0.5994916666666666 0.09151999999999999 0.5869916666666667 0.09422875 0.5714358333333333 0.10152 0.5525475 0.10985375 0.5422691666666666 0.11547874999999999 0.532825 0.12235375 0.5272691666666667 0.12589499999999998
1 0.7252299999999999 0.6983499999999999 0.7200216666666667 0.7001206249999999 0.7191191666666666 0.7011624999999999 0.7191191666666666 0.702776875 0.7198825 0.70413125 0.7216883333333333 0.7055374999999999 0.8270700000000001 0.76663125 0.8317233333333334 0.767933125 0.8356116666666668 0.76814125 0.8410983333333333 0.76814125 0.9545699999999999 0.763401875 0.9601949999999999 0.762464375 0.9637366666666666 0.7603812499999999 1 0.73238625 1 0.615368125 0.7252299999999999 0.6983499999999999
1 0.07321583333333333 0.54669625 0.07342416666666667 0.5432975 0.07384083333333333 0.542399375 0.07498666666666666 0.54169625 0.0783725 0.5420475 0.1521225 0.57370125 0.15290333333333334 0.5749125 0.15316416666666666 0.57600625 0.1521225 0.576865625 0.07811166666666666 0.60838875 0.075195 0.608623125 0.07431 0.607529375 0.07389333333333332 0.60651375 0.07321583333333333 0.54669625
1 0 0.57075875 0.06845916666666667 0.5423212500000001 0.07069833333333332 0.541969375 0.07220916666666666 0.54220375 0.07267749999999999 0.543024375 0.073355 0.607243125 0.07273 0.608688125 0.07043833333333333 0.6091568749999999 0.068615 0.6088837500000001 0 0.577438125 0 0.57075875
1 0.2466016666666667 0.6464881250000001 0.3570183333333334 0.644964375 0.3592575 0.645120625 0.36029916666666667 0.6462537500000001 0.3600908333333333 0.6482068750000001 0.30028166666666667 0.727243125 0.29924 0.7277506250000001 0.29762583333333337 0.72782875 0.29637583333333334 0.72763375 0.23342416666666665 0.650433125 0.23264333333333334 0.649026875 0.23311166666666666 0.6473475000000001 0.23529916666666664 0.64644875 0.2466016666666667 0.6464881250000001
1 0.5131600000000001 0.452043125 0.5071875 0.452355625 0.5057291666666667 0.452980625 0.5053125 0.45386625 0.5060066666666666 0.45506437499999997 0.63092 0.521705 0.6329516666666667 0.521978125 0.6338891666666667 0.521821875 0.6597566666666667 0.48693937499999995 0.6629858333333333 0.45002499999999995 0.5131600000000001 0.452043125
1 0.07737833333333333 0.337134375 0.07269083333333333 0.345259375 0.07243083333333333 0.346705 0.07258666666666666 0.34791562499999995 0.07581583333333333 0.34811125 0.13941 0.347251875 0.14055583333333332 0.3465875 0.14081583333333333 0.34482999999999997 0.14008666666666666 0.343033125 0.10684 0.303163125 0.10543416666666666 0.303006875 0.10423583333333333 0.303319375 0.10324666666666667 0.30398375 0.07737833333333333 0.337134375
1 0.3225691666666667 0.33777250000000003 0.38842 0.22900937500000002 0.38946166666666665 0.22842375 0.39034749999999996 0.22854062500000003 0.3914408333333333 0.229165625 0.39253499999999997 0.230884375 0.42508666666666667 0.345480625 0.4249825 0.347785625 0.42467 0.34962125 0.3626391666666666 0.45471249999999996 0.36107666666666666 0.45545499999999994 0.35940999999999995 0.45549375 0.35831583333333333 0.45486875 0.3223608333333334 0.339439375 0.3225691666666667 0.33777250000000003
1 0.2300175 0.22805875 0.21673583333333335 0.229660625 0.2152775 0.230324375 0.2150175 0.23192625 0.21600666666666668 0.23344937500000001 0.31835083333333336 0.33899625 0.32033 0.3395825 0.3219441666666667 0.338879375 0.3225691666666667 0.337355625 0.39276083333333334 0.222030625 0.39276083333333334 0.22003812499999997 0.38989583333333333 0.219686875 0.2300175 0.22805875