0 0.35223133333333334 0.88116175 0.35043966666666665 0.88253675 0.3494813333333333 0.883943 0.349273 0.8857555 0.3501063333333333 0.88991175 0.352898 0.893068 0.35585633333333333 0.8955055 0.3584813333333333 0.8966305 0.3607313333333333 0.8970367499999999 0.363773 0.8970367499999999 0.36635633333333334 0.8966305 0.36843966666666667 0.89578675 0.37006466666666665 0.89447425 0.3718146666666666 0.892818 0.37293966666666667 0.8891304999999999 0.373023 0.8856305 0.3717313333333333 0.8831304999999999 0.371023 0.88228675 0.3692313333333333 0.88116175 0.365023 0.8805054999999999 0.3599813333333333 0.880193 0.3559813333333333 0.88003675 0.3536063333333333 0.88053675 0.35223133333333334 0.88116175
0 0.0017843333333333333 0.65953975 0.013951 0.6541647500000001 0.025117666666666663 0.64603975 0.03311766666666666 0.63878975 0.03961766666666666 0.63378975 0.054451000000000006 0.62978975 0.05861766666666667 0.6299147500000001 0.06578433333333333 0.6319147500000001 0.072451 0.63378975 0.07728433333333333 0.63591475 0.07961766666666667 0.64078975 0.07628433333333334 0.67603975 0.07178433333333334 0.6830397500000001 0.06411766666666667 0.69016475 0.05428433333333334 0.69628975 0.042450999999999996 0.69978975 0.035951 0.7010397500000001 0.028784333333333332 0.70078975 0.019451 0.69828975 0.004117666666666666 0.68991475 0 0.68453975 0 0.6607897500000001 0.0017843333333333333 0.65953975
0 0.3701103333333333 0.6841967499999999 0.36755499999999997 0.6890302500000001 0.36755499999999997 0.6926135 0.36922166666666667 0.6948635000000001 0.3738883333333333 0.69728025 0.3804436666666666 0.70169675 0.38388833333333333 0.70469675 0.38733266666666666 0.70694675 0.396777 0.7091967499999999 0.400777 0.7096135 0.404666 0.70869675 0.4073326666666667 0.70694675 0.4078883333333333 0.7041967499999999 0.4071103333333333 0.70044675 0.40444366666666665 0.6976135 0.40088833333333335 0.6943635 0.3861103333333333 0.6856135000000001 0.378666 0.68328025 0.374666 0.6831135 0.37099933333333335 0.6833635 0.3701103333333333 0.6841967499999999
0 0.22680499999999998 0.66307175 0.22558266666666668 0.6668635 0.22663833333333333 0.6749467499999999 0.22758266666666668 0.67653025 0.229027 0.6761135 0.230527 0.67444675 0.2326383333333333 0.6731135 0.234416 0.67207175 0.2360826666666667 0.6701135 0.23724933333333334 0.66828025 0.23919366666666667 0.6658635 0.23991600000000002 0.66419675 0.24013833333333331 0.66269675 0.23652700000000002 0.6623217499999999 0.232027 0.66265525 0.22808266666666668 0.6628635 0.22680499999999998 0.66307175
0 0.8333416666666666 0.9220355 0.831564 0.92495225 0.8322306666666667 0.9286187499999999 0.834786 0.9336187499999999 0.8451193333333334 0.93511875 0.849786 0.93211875 0.849786 0.92811875 0.8484526666666667 0.92486875 0.8454526666666667 0.9217854999999999 0.8396750000000001 0.9204522500000001 0.8338973333333334 0.92120225 0.8333416666666666 0.9220355
0 0.780564 0.8890355 0.776564 0.89461875 0.7748973333333333 0.8982022500000001 0.774675 0.90170225 0.7748973333333333 0.90611875 0.776564 0.90970225 0.780675 0.9132855 0.7858973333333333 0.91636875 0.7914526666666667 0.9190355 0.7988973333333333 0.91911875 0.8024526666666667 0.91770225 0.8064526666666667 0.91570225 0.8104526666666667 0.9144522500000001 0.8120083333333333 0.9110355 0.8113416666666667 0.9085354999999999 0.8083416666666667 0.9042022500000001 0.7943416666666667 0.8913687499999999 0.7898973333333333 0.8887855 0.7858973333333333 0.88770225 0.780564 0.8890355
0 0.871675 0.86507725 0.8710083333333334 0.8656604999999999 0.8717860000000001 0.8677437499999999 0.8741193333333334 0.87124375 0.8758973333333333 0.8751605 0.8771193333333334 0.8774105 0.879675 0.8789104999999999 0.8830083333333334 0.8800355 0.8858973333333333 0.88024375 0.888564 0.8794105 0.8897860000000001 0.8775772500000001 0.8903416666666667 0.8749104999999999 0.8897860000000001 0.87161875 0.886564 0.86724375 0.8814526666666668 0.8647437499999999 0.878564 0.8644105 0.875564 0.86436875 0.871675 0.86507725
0 0.9682860000000001 0.8297022500000001 0.9632306666666667 0.8340354999999999 0.961786 0.83757725 0.9618416666666667 0.8402854999999999 0.964064 0.8437022500000001 0.9696193333333334 0.8454105 0.9748973333333333 0.8460354999999999 0.9795083333333333 0.8457855 0.9827306666666666 0.8444105 0.9853973333333333 0.8410354999999999 0.9860083333333334 0.8362854999999999 0.985064 0.83336875 0.9763973333333333 0.82857725 0.9724526666666667 0.82836875 0.9698416666666667 0.8289522500000001 0.9682860000000001 0.8297022500000001
0 0.8636750000000001 0.790223 0.8581193333333333 0.79413975 0.858786 0.7992229999999999 0.8624526666666668 0.8009729999999999 0.867564 0.8039729999999999 0.872564 0.80480625 0.876564 0.80430625 0.8777860000000001 0.8009729999999999 0.8770083333333334 0.7962229999999999 0.8737860000000001 0.79113975 0.8703416666666667 0.789723 0.8677860000000001 0.78930625 0.8657860000000001 0.78930625 0.8636750000000001 0.790223
0 0.7612626666666666 0.75455525 0.7592626666666666 0.757972 0.758485 0.760347 0.7587626666666667 0.7627635 0.7609293333333333 0.764722 0.7648183333333333 0.7677635 0.767485 0.768597 0.7708736666666667 0.76893025 0.7753183333333333 0.768097 0.7780403333333333 0.7662635 0.779207 0.76380525 0.7793183333333333 0.7612635 0.778096 0.7588469999999999 0.773485 0.7548469999999999 0.7689293333333334 0.75355525 0.7652626666666666 0.7532635 0.7626516666666666 0.7538469999999999 0.7612626666666666 0.75455525
0 0.907207 0.7380760000000001 0.905207 0.73749275 0.903096 0.73861775 0.9010403333333333 0.740326 0.9003736666666667 0.7419095 0.900207 0.744451 0.9008183333333333 0.746451 0.903096 0.74861775 0.9048183333333333 0.74986775 0.9059293333333334 0.7516594999999999 0.9059293333333334 0.753326 0.907707 0.754451 0.9099293333333334 0.754576 0.911707 0.75336775 0.9126516666666666 0.752201 0.9151516666666667 0.7510344999999999 0.918596 0.75099275 0.9223736666666666 0.7510344999999999 0.9232626666666667 0.7505345 0.923096 0.74874275 0.9215403333333334 0.74711775 0.919485 0.74499275 0.9185403333333334 0.742951 0.9173736666666666 0.739451 0.9157626666666667 0.737826 0.913207 0.73699275 0.911207 0.736576 0.9095403333333334 0.736326 0.908207 0.73636775 0.907207 0.7380760000000001
0 0.8104426666666666 0.72985275 0.8038873333333333 0.73185275 0.8018873333333333 0.7335195 0.800554 0.7377695 0.7989983333333333 0.741936 0.7969983333333333 0.744186 0.794665 0.7465195 0.7938873333333333 0.7488527500000001 0.796665 0.752186 0.801776 0.7555195 0.807665 0.7576860000000001 0.8142206666666666 0.7557695 0.8178873333333333 0.752186 0.8219983333333333 0.7495195 0.8263316666666666 0.7477695 0.8298873333333333 0.7448527500000001 0.8299983333333333 0.7367695 0.8223316666666667 0.73035275 0.8185539999999999 0.729186 0.8132206666666666 0.729186 0.8104426666666666 0.72985275
0 0.722915 0.7104360000000001 0.7201926666666667 0.7098945 0.7173039999999999 0.7107694999999999 0.7153593333333333 0.71210275 0.7142483333333333 0.7136445 0.7135816666666667 0.716561 0.7146926666666666 0.7194360000000001 0.717526 0.7211445 0.7204149999999999 0.722686 0.7226926666666666 0.7231445 0.7262483333333333 0.72297775 0.7288039999999999 0.722311 0.731026 0.7206445 0.732026 0.71822775 0.7322483333333333 0.714311 0.7310816666666666 0.7130195 0.7285816666666667 0.7111445 0.7255816666666667 0.7106027500000001 0.723526 0.71047775 0.722915 0.7104360000000001
0 0.893708 0.66188475 0.8734856666666666 0.6696347500000001 0.8695970000000001 0.67346825 0.8677079999999999 0.67596825 0.8670413333333332 0.67921825 0.8682636666666668 0.6830515 0.8711523333333333 0.6869682500000001 0.8749303333333334 0.69021825 0.8819303333333334 0.6925515 0.8905970000000001 0.69346825 0.8994856666666666 0.69213475 0.9045970000000001 0.68946825 0.9089303333333334 0.68646825 0.9129303333333334 0.6845515 0.9204856666666666 0.68321825 0.923597 0.68346825 0.9263746666666666 0.6835515 0.9301523333333332 0.68188475 0.933819 0.68121825 0.9382636666666667 0.6805515000000001 0.9410413333333333 0.6793847500000001 0.9420413333333333 0.6763015 0.9370413333333333 0.6695515000000001 0.928819 0.6633847500000001 0.9188189999999999 0.66096825 0.9100413333333333 0.6600515 0.9042636666666667 0.65988475 0.8975970000000001 0.66088475 0.893708 0.66188475
0 0.6681170000000001 0.66025375 0.6655056666666667 0.662462 0.6641723333333334 0.663837 0.663228 0.665337 0.6625056666666667 0.6676705 0.6629503333333334 0.6696705 0.6638946666666666 0.6725454999999999 0.665728 0.67450375 0.6681723333333334 0.6761704999999999 0.6700056666666667 0.67725375 0.6725613333333333 0.67812875 0.6754503333333334 0.678462 0.6781723333333334 0.6783787499999999 0.6794503333333334 0.6773787499999999 0.6802279999999999 0.6756705 0.680728 0.6737955 0.681839 0.6710455 0.6828946666666668 0.6691705 0.683839 0.6660455 0.6823946666666667 0.663837 0.6729503333333333 0.6601705 0.6715613333333333 0.6599204999999999 0.6696723333333333 0.6599204999999999 0.6681170000000001 0.66025375
0 0.7075889999999999 0.645962 0.7063670000000001 0.6477955 0.7061446666666668 0.6502954999999999 0.706867 0.6530455 0.7097556666666666 0.6556704999999999 0.7137556666666666 0.656587 0.7213670000000001 0.65637875 0.7239223333333332 0.655212 0.7251446666666668 0.6530455 0.7245336666666667 0.651087 0.7235336666666667 0.6494205 0.7211446666666668 0.648087 0.7187556666666666 0.6465455 0.716867 0.6455455 0.7129780000000001 0.64487875 0.710478 0.6450454999999999 0.7089780000000001 0.64537875 0.7075889999999999 0.645962
0 0.8345153333333333 0.605007 0.8315153333333333 0.608007 0.830432 0.6125069999999999 0.8300986666666667 0.615757 0.8286819999999999 0.619257 0.826182 0.6227569999999999 0.8239319999999999 0.6256944999999999 0.8235153333333333 0.6286944999999999 0.8234319999999999 0.632382 0.8244319999999999 0.6363194999999999 0.8275986666666666 0.642882 0.8335986666666666 0.6477569999999999 0.842432 0.6516945 0.849432 0.6531319999999999 0.8549319999999999 0.652882 0.8607653333333333 0.6514445 0.8655986666666666 0.6487569999999999 0.8689319999999999 0.645882 0.8702653333333332 0.6417569999999999 0.8700153333333333 0.637257 0.8679319999999999 0.6331945 0.8602653333333333 0.6217569999999999 0.858682 0.6168195 0.8573486666666666 0.6108819999999999 0.8520153333333332 0.6061319999999999 0.8463486666666666 0.603632 0.843182 0.6028819999999999 0.8397653333333333 0.6029445 0.8366819999999999 0.6035695 0.8345153333333333 0.605007
0 0.7860706666666667 0.594153 0.7822373333333333 0.5969030000000001 0.780404 0.600403 0.7795706666666666 0.604403 0.7800706666666667 0.6101530000000001 0.777404 0.616903 0.775404 0.621278 0.7742373333333333 0.626528 0.7747373333333333 0.630903 0.7772373333333333 0.634528 0.7857373333333333 0.637903 0.7940706666666667 0.6367780000000001 0.799404 0.632653 0.8037373333333333 0.629653 0.809904 0.628278 0.8147373333333333 0.626403 0.816904 0.621903 0.819404 0.6151530000000001 0.8207373333333333 0.608778 0.8205706666666667 0.603778 0.8120706666666667 0.594778 0.8075706666666667 0.592653 0.7975706666666667 0.591403 0.790904 0.592653 0.7860706666666667 0.594153
0 0.9241613333333333 0.578932 0.9161613333333333 0.5824320000000001 0.9141613333333333 0.584307 0.913828 0.5872445000000001 0.9154946666666667 0.5916195 0.920828 0.5971195 0.9267446666666667 0.599682 0.932828 0.600432 0.9397446666666667 0.5996195 0.9446613333333334 0.5979945 0.9489946666666667 0.5963695 0.952328 0.5956195 0.9535779999999999 0.594682 0.9542446666666666 0.592057 0.9517446666666667 0.587557 0.946078 0.5826195000000001 0.9369113333333333 0.5797445 0.9311613333333333 0.5789945 0.9269113333333333 0.5788070000000001 0.9241613333333333 0.578932
0 0.8282446666666666 0.551307 0.8244113333333333 0.5544945 0.8219113333333333 0.5569945000000001 0.8211613333333333 0.558807 0.8202446666666666 0.5623695 0.8202446666666666 0.565057 0.819578 0.5677445 0.8202446666666666 0.570057 0.8229113333333333 0.5724945 0.8262446666666666 0.5742445 0.8305779999999999 0.574932 0.8355779999999999 0.5748695 0.8409113333333333 0.574682 0.8449113333333333 0.573932 0.8499946666666667 0.571932 0.8534946666666666 0.5689945000000001 0.8554113333333333 0.564932 0.856078 0.560557 0.855578 0.5572445 0.853578 0.5543695000000001 0.8459946666666667 0.5504945 0.8351613333333333 0.5493695000000001 0.829828 0.5501820000000001 0.8282446666666666 0.551307
0 0.655092 0.57138 0.6540086666666667 0.5729425 0.6536336666666667 0.57503625 0.6544253333333333 0.57791125 0.657217 0.58047375 0.6608003333333333 0.58222375 0.6640503333333334 0.58247375 0.6691336666666667 0.58203625 0.671467 0.5805675 0.671717 0.57847375 0.6706336666666667 0.57472375 0.6696336666666667 0.5728175 0.667967 0.57138 0.665467 0.5698175 0.6630503333333334 0.56909875 0.6609253333333334 0.56859875 0.659092 0.56884875 0.655092 0.57138
0 0.5708420000000001 0.5434840000000001 0.5688420000000001 0.5451090000000001 0.5691753333333334 0.5474215 0.568342 0.5492965000000001 0.5699253333333334 0.5520465 0.5725086666666667 0.554984 0.5756753333333333 0.5565465 0.5802586666666667 0.5566715 0.583842 0.555859 0.5856753333333333 0.5541090000000001 0.5855086666666667 0.5521715 0.5860086666666667 0.5501715 0.586842 0.549234 0.585842 0.546609 0.5844253333333334 0.5445465 0.5809253333333334 0.542609 0.5782586666666667 0.5421090000000001 0.5751753333333334 0.5421715 0.5721753333333334 0.542984 0.5708420000000001 0.5434840000000001
0 0.6457926666666667 0.50921975 0.643876 0.5109385 0.643251 0.513501 0.6441676666666667 0.51565725 0.645876 0.5179072499999999 0.6482093333333333 0.5196259999999999 0.6509176666666666 0.5209072499999999 0.6534176666666667 0.52153225 0.656251 0.52140725 0.6587093333333333 0.52053225 0.6602926666666666 0.5190009999999999 0.661376 0.5169385 0.661501 0.514501 0.6602509999999999 0.51134475 0.6557093333333333 0.50859475 0.6515843333333333 0.5080009999999999 0.6484593333333333 0.5080635 0.6457926666666667 0.50921975
0 0.6853623333333333 0.51146975 0.680029 0.51546975 0.677779 0.52015725 0.678529 0.52478225 0.6808623333333333 0.52821975 0.6818623333333333 0.53246975 0.6856956666666667 0.5357197499999999 0.690529 0.53778225 0.6946956666666667 0.53896975 0.6998623333333334 0.54009475 0.7051123333333333 0.54065725 0.7109456666666667 0.54046975 0.716529 0.5397197499999999 0.720529 0.53784475 0.722529 0.53515725 0.7229456666666667 0.53209475 0.722029 0.52996975 0.7191123333333334 0.52734475 0.7156956666666666 0.52421975 0.711029 0.51984475 0.7081956666666667 0.51615725 0.7053623333333333 0.5142822499999999 0.698779 0.51246975 0.6946956666666667 0.51140725 0.6911123333333333 0.51065725 0.6886123333333334 0.51059475 0.6853623333333333 0.51146975
0 0.8615010000000001 0.5064697499999999 0.8628343333333334 0.50290725 0.8661676666666667 0.50040725 0.8692510000000001 0.49946975 0.8739176666666667 0.49953224999999996 0.8787510000000001 0.50071975 0.8833343333333333 0.50271975 0.8865843333333334 0.5044697499999999 0.888251 0.50753225 0.8886676666666667 0.51134475 0.8887510000000001 0.51540725 0.8866676666666667 0.51921975 0.8807510000000001 0.52234475 0.874001 0.52321975 0.8666676666666667 0.5229072499999999 0.8612510000000001 0.52084475 0.8571676666666668 0.51740725 0.8553343333333334 0.51415725 0.856001 0.51103225 0.8576676666666667 0.50915725 0.8603343333333334 0.5079072499999999 0.8615010000000001 0.5064697499999999
0 0.6888343333333334 0.4863865 0.6846676666666667 0.486449 0.6794176666666667 0.48632400000000003 0.6764176666666667 0.4866365 0.6719176666666666 0.488574 0.6706676666666667 0.48913650000000003 0.6718343333333333 0.493324 0.6742509999999999 0.498324 0.6772509999999999 0.501324 0.6788343333333333 0.503824 0.6808343333333333 0.506824 0.6836676666666667 0.5086365 0.6871676666666667 0.5100115000000001 0.6915843333333334 0.5108865 0.696751 0.511574 0.7020010000000001 0.510949 0.7068343333333333 0.5096365 0.710501 0.5078865 0.714501 0.505574 0.716001 0.5043865 0.7166676666666667 0.5023865 0.7142510000000001 0.4982615 0.7101676666666668 0.49363650000000003 0.7050843333333334 0.4900115 0.6991676666666667 0.4870115 0.694501 0.4860115 0.6900010000000001 0.4858865 0.6888343333333334 0.4863865
0 0.768279 0.47740724999999995 0.7653623333333334 0.48040724999999995 0.7631956666666667 0.48409474999999996 0.7623623333333334 0.48721974999999995 0.7623623333333334 0.49021974999999995 0.7641956666666667 0.49340724999999996 0.7684456666666667 0.49640724999999997 0.7739456666666666 0.49796975 0.7801123333333333 0.49815725 0.784279 0.49759475 0.787529 0.49565725 0.790779 0.49290724999999996 0.792779 0.48990724999999996 0.7938623333333333 0.48659474999999996 0.7936123333333334 0.48371975 0.7914456666666667 0.48178224999999997 0.7888623333333333 0.48059474999999996 0.7861123333333333 0.47909474999999996 0.7834456666666667 0.47690724999999995 0.7804456666666667 0.47590725 0.7763623333333334 0.47528224999999996 0.771279 0.47565725 0.768279 0.47740724999999995
0 0.8306073333333334 0.42092675 0.8260516666666667 0.42705175 0.8260516666666667 0.43180175000000004 0.8269406666666667 0.43559325 0.8298293333333333 0.43871825000000003 0.8352740000000001 0.44109325 0.8408293333333333 0.44196825 0.847996 0.44151 0.8538293333333333 0.44034325 0.8579406666666667 0.43876 0.8607183333333334 0.43692675000000003 0.861885 0.43438499999999997 0.8602740000000001 0.42859325000000004 0.8541073333333333 0.42342675 0.8458293333333333 0.42051 0.8396073333333334 0.41959325000000003 0.8356073333333334 0.41975999999999997 0.8315516666666667 0.42055175 0.8306073333333334 0.42092675
0 0.7464856666666666 0.4025215 0.7474856666666666 0.39952150000000003 0.7501523333333333 0.39802150000000003 0.7529856666666667 0.398334 0.7567356666666666 0.39952150000000003 0.760069 0.4018965 0.7632356666666666 0.407709 0.7639023333333332 0.413334 0.7631523333333333 0.41614650000000003 0.7592356666666666 0.4207715 0.7524023333333333 0.4246465 0.746819 0.425834 0.740819 0.425834 0.7344856666666666 0.4245215 0.7272356666666666 0.4207715 0.723819 0.4168965 0.7232356666666666 0.412709 0.724819 0.4107715 0.7281523333333333 0.408959 0.7345689999999999 0.40733400000000003 0.7424856666666666 0.4047715 0.7464856666666666 0.4025215
0 0.7707773333333333 0.35832575000000005 0.7817216666666666 0.352159 0.7872216666666667 0.35070075 0.7934439999999999 0.35057575 0.7979993333333334 0.35140899999999997 0.8018883333333333 0.35320075 0.8049993333333334 0.35507575 0.8078883333333333 0.35707575 0.8101106666666666 0.3598675 0.8108883333333333 0.363284 0.809055 0.366909 0.8068883333333333 0.37024250000000003 0.8027773333333333 0.372284 0.7996106666666666 0.3728675 0.7963326666666667 0.372659 0.794055 0.37432575 0.791055 0.3754925 0.785944 0.37632575 0.781166 0.37482575 0.7759993333333334 0.37157575000000004 0.773666 0.3681175 0.772666 0.3652425 0.770555 0.36495075000000005 0.7689993333333334 0.364784 0.7676106666666667 0.3637425 0.7671106666666666 0.3624925 0.7677773333333333 0.3609925 0.7707773333333333 0.35832575000000005
0 0.6972343333333333 0.332264 0.6927343333333333 0.33434725 0.69079 0.335764 0.6882343333333333 0.33822224999999995 0.6876786666666667 0.341014 0.6871233333333333 0.3438055 0.6885676666666667 0.346889 0.6907343333333333 0.34984725 0.6934566666666666 0.35159725 0.698901 0.35297225 0.70429 0.352889 0.70929 0.35197225 0.7141233333333333 0.3494305 0.7173453333333334 0.346889 0.7198453333333333 0.344389 0.7216786666666667 0.342764 0.7221233333333333 0.34109724999999996 0.7201786666666666 0.337764 0.7165676666666666 0.335764 0.7121233333333333 0.33384725 0.708401 0.332639 0.7051786666666667 0.33209724999999995 0.7021233333333333 0.3320555 0.6972343333333333 0.332264
0 0.7270953333333333 0.282889 0.7210953333333333 0.2890765 0.7194286666666667 0.293389 0.719012 0.2978265 0.7199286666666667 0.3029515 0.720762 0.306139 0.7204286666666667 0.3084515 0.719012 0.3107015 0.7183453333333334 0.3128265 0.7186786666666667 0.3148265 0.7210953333333333 0.31638900000000003 0.723512 0.3172015 0.7264286666666667 0.317514 0.7300953333333333 0.3168265 0.7330953333333333 0.315264 0.7354286666666667 0.3128265 0.7374286666666667 0.3104515 0.7410953333333333 0.308389 0.7449286666666667 0.30707650000000003 0.750762 0.308014 0.7534286666666666 0.308764 0.756762 0.3087015 0.7595953333333334 0.3082015 0.7626786666666667 0.3067015 0.763762 0.303389 0.764012 0.2992015 0.761262 0.28863900000000003 0.7568453333333334 0.28282650000000004 0.750762 0.27982650000000003 0.7451786666666667 0.278639 0.7405120000000001 0.278264 0.7346786666666667 0.279514 0.7299286666666667 0.2812015 0.7270953333333333 0.282889
0 0.6536233333333333 0.333139 0.65579 0.33020150000000004 0.6584566666666666 0.328639 0.66179 0.326764 0.6633733333333333 0.325389 0.6668733333333333 0.3254515 0.6709566666666666 0.32720150000000003 0.6721233333333333 0.32870150000000004 0.6731233333333333 0.331889 0.6744566666666666 0.335889 0.6731233333333333 0.338264 0.6736233333333334 0.3409515 0.6698733333333333 0.34432650000000004 0.6663733333333333 0.345389 0.6639566666666666 0.3464515 0.6616233333333333 0.3478265 0.6573733333333333 0.34863900000000003 0.65379 0.34863900000000003 0.6493733333333332 0.347889 0.64704 0.3469515 0.6471233333333333 0.34432650000000004 0.64679 0.341639 0.6471233333333333 0.338389 0.64879 0.336639 0.6512899999999999 0.334764 0.6536233333333333 0.333139
0 0.587512 0.36197225 0.5849566666666667 0.363514 0.5827899999999999 0.3646805 0.5815676666666667 0.36576400000000003 0.5809566666666667 0.36734724999999996 0.579512 0.369014 0.578012 0.3704305 0.5766233333333333 0.372014 0.575901 0.373889 0.5759566666666667 0.37584724999999997 0.57729 0.378139 0.580012 0.37984724999999997 0.5826786666666667 0.3809305 0.5852343333333333 0.38184724999999997 0.5882343333333333 0.3833055 0.5911233333333333 0.384139 0.5943453333333334 0.384514 0.5972343333333333 0.38409725 0.6001786666666666 0.38338900000000004 0.6017343333333334 0.3823055 0.6022343333333333 0.380514 0.60129 0.3781805 0.6001786666666666 0.377014 0.6019566666666666 0.37509725 0.6026233333333333 0.373139 0.60229 0.37084724999999996 0.6004566666666666 0.368014 0.5962343333333333 0.36376400000000003 0.5941786666666666 0.36272224999999997 0.592901 0.362139 0.5916786666666667 0.361514 0.5908453333333333 0.36134724999999995 0.58929 0.36122224999999997 0.587512 0.36197225
0 0.5724009999999999 0.28765975 0.5747343333333333 0.2832015 0.5766233333333333 0.281368 0.5777899999999999 0.28032650000000003 0.581512 0.28132650000000003 0.5841786666666667 0.282993 0.5852343333333333 0.28515975 0.5866233333333333 0.28724299999999997 0.589012 0.288618 0.591401 0.289118 0.5926233333333333 0.29003474999999995 0.5939566666666666 0.2912015 0.594512 0.2932015 0.5952343333333333 0.2947015 0.5951233333333333 0.296368 0.5942343333333333 0.297993 0.591401 0.2997015 0.5897343333333334 0.3002015 0.585012 0.3000765 0.58329 0.300618 0.580512 0.30186799999999997 0.5789566666666667 0.3022015 0.5761233333333333 0.30065974999999995 0.5747343333333333 0.298493 0.5740676666666666 0.2958265 0.5729566666666667 0.294618 0.571512 0.2927015 0.5708453333333333 0.290743 0.5716233333333333 0.288868 0.5724009999999999 0.28765975
0 0.6459286666666667 0.20338900000000001 0.650012 0.20532650000000002 0.6528453333333334 0.20913900000000002 0.6537620000000001 0.21063900000000002 0.6568453333333334 0.21263900000000002 0.662012 0.214389 0.666762 0.2163265 0.671762 0.217764 0.675512 0.21901400000000001 0.679762 0.2198265 0.682512 0.220389 0.6845953333333333 0.21995150000000002 0.686762 0.217639 0.6878453333333333 0.21345150000000002 0.689762 0.20863900000000002 0.689762 0.20607650000000002 0.6889286666666666 0.203514 0.685762 0.201264 0.680512 0.1977015 0.6779286666666667 0.197389 0.6728453333333334 0.19782650000000002 0.6658453333333334 0.1989515 0.6584286666666667 0.200139 0.6539286666666667 0.200639 0.6486786666666667 0.201389 0.6459286666666667 0.202389 0.6443453333333333 0.20282650000000002 0.6459286666666667 0.20338900000000001
0 0.6279286666666667 0.201889 0.6191786666666667 0.202139 0.6155120000000001 0.20357650000000002 0.6123453333333334 0.20563900000000002 0.610762 0.20788900000000002 0.6109286666666667 0.2100765 0.6131786666666666 0.21238900000000002 0.6165120000000001 0.214264 0.6191786666666667 0.2168265 0.6213453333333333 0.21970150000000002 0.6278453333333334 0.2237015 0.6335953333333334 0.22501400000000002 0.6395953333333334 0.22526400000000002 0.645012 0.22501400000000002 0.6488453333333334 0.224139 0.650512 0.2227015 0.6511786666666667 0.21995150000000002 0.6513453333333333 0.2173265 0.653262 0.214264 0.653512 0.21145150000000001 0.6528453333333334 0.2087015 0.6495953333333333 0.204764 0.6441786666666667 0.202764 0.6388453333333334 0.20232650000000002 0.632762 0.201764 0.6298453333333334 0.201764 0.6279286666666667 0.201889
0 0.21817 0.5061725 0.21611466666666668 0.5074225 0.215059 0.5086725 0.21461466666666668 0.5104225 0.21583666666666668 0.51396425 0.21833666666666665 0.51588075 0.22128133333333336 0.51621425 0.22461466666666668 0.5157975 0.2266146666666667 0.51446425 0.2277256666666667 0.5130892499999999 0.22828133333333336 0.5116725 0.22839233333333334 0.5091725 0.22750333333333334 0.50725575 0.22650333333333333 0.50621425 0.22417 0.5052975000000001 0.22128133333333336 0.50513075 0.21883666666666665 0.50575575 0.21817 0.5061725
0 0.21518400000000001 0.453735 0.212809 0.45639125 0.21226733333333334 0.45832875 0.212809 0.46076625 0.214559 0.46295375 0.21726733333333334 0.46414125 0.220809 0.46464125 0.22414233333333333 0.46395375 0.22614233333333333 0.462235 0.22726733333333335 0.45926625 0.22714233333333333 0.45651625 0.22639233333333333 0.45482875 0.22326733333333335 0.45311 0.22014233333333333 0.4525475 0.21785066666666666 0.452985 0.21518400000000001 0.453735
0 0.485198 0.46148500000000003 0.48742 0.46052675 0.4892533333333333 0.45948500000000003 0.49136466666666667 0.45836 0.4940866666666667 0.45719325 0.4967533333333333 0.45548500000000003 0.49830899999999995 0.45486 0.5011423333333334 0.45481825 0.5036423333333333 0.45536 0.504809 0.45619325 0.504698 0.45865174999999997 0.503809 0.46140175 0.5050313333333334 0.46377675 0.5056423333333333 0.46598500000000004 0.506309 0.46865175 0.507309 0.47052675 0.5080313333333334 0.47215175 0.5081423333333333 0.47431825 0.5069756666666666 0.47561000000000003 0.504198 0.47586 0.5009756666666666 0.47565175 0.49680899999999995 0.47415175 0.49280899999999994 0.47515175 0.4902533333333333 0.47386 0.48842 0.47102675 0.48686466666666667 0.46877675 0.48542 0.46619325 0.48497566666666664 0.46427675 0.485198 0.46148500000000003
0 0.476309 0.40044325 0.476198 0.41236 0.476198 0.41736 0.4756423333333333 0.42202675 0.4766423333333333 0.42669324999999997 0.480309 0.43036 0.48542 0.43394325 0.4925313333333334 0.43844324999999995 0.4990866666666667 0.44194324999999995 0.5040866666666667 0.44319325 0.511309 0.44494324999999996 0.5165313333333333 0.44527675 0.5227533333333333 0.44502674999999997 0.5265313333333334 0.44436000000000003 0.5303089999999999 0.44136000000000003 0.5328646666666667 0.43811 0.5340866666666667 0.43369325 0.5343089999999999 0.42844325 0.5318646666666667 0.42019324999999996 0.523198 0.41219324999999996 0.5160866666666667 0.40644325 0.510198 0.40427675 0.5060866666666667 0.40286 0.5029756666666666 0.39936 0.50042 0.39736 0.4956423333333333 0.39461 0.4916423333333333 0.39302675 0.4847533333333333 0.39386 0.47786466666666666 0.39836 0.476309 0.40044325
0 0.44880899999999996 0.40890175 0.44797566666666666 0.415235 0.44642 0.41886 0.4453646666666667 0.42190175 0.4438646666666667 0.42461 0.44280899999999995 0.42652675 0.4425866666666667 0.42794325 0.44347566666666666 0.42956825 0.44553133333333333 0.43106825 0.44803133333333334 0.43215175 0.45203133333333334 0.43236 0.4543646666666667 0.43094325 0.45658666666666664 0.42711 0.4583646666666667 0.42269324999999996 0.45892 0.41681825 0.4563646666666667 0.41165175 0.45303133333333334 0.40969324999999995 0.45047566666666666 0.40877674999999997 0.44880899999999996 0.40890175
0 0.4944576666666667 0.327974 0.4904576666666667 0.330474 0.4894576666666667 0.33364075000000004 0.4916796666666667 0.33872399999999997 0.4936796666666667 0.344224 0.4946796666666667 0.350724 0.4956796666666667 0.35564075 0.49679100000000004 0.36005725 0.5001243333333334 0.36489075000000004 0.504902 0.36814075 0.5103463333333333 0.370724 0.515902 0.37105725 0.522791 0.369724 0.5291243333333333 0.36939075000000005 0.536013 0.36864075 0.5413463333333334 0.36805725 0.545791 0.36680725000000003 0.5491243333333333 0.36405725 0.5493463333333334 0.36014075 0.5471243333333333 0.354224 0.5463463333333334 0.34889075 0.5452353333333333 0.344224 0.541902 0.339974 0.537013 0.33605725000000003 0.532013 0.33272399999999996 0.524902 0.329724 0.5193463333333334 0.32839075 0.510791 0.327474 0.5004576666666667 0.32680725 0.49590199999999995 0.32739075 0.4944576666666667 0.327974
0 0.37346 0.4041655 0.36890433333333333 0.4091655 0.36768233333333333 0.413582 0.3680156666666667 0.4169155 0.36946 0.42099875 0.37146 0.4254155 0.372571 0.4309155 0.37779333333333337 0.43599875 0.38746 0.43724874999999996 0.39401566666666665 0.4369155 0.3997933333333334 0.43549875 0.40401566666666666 0.43299875 0.406349 0.42899875 0.4071266666666667 0.4254155 0.4071266666666667 0.420582 0.40501566666666666 0.41574875 0.4009043333333333 0.4106655 0.3969043333333333 0.40649874999999996 0.392349 0.40349874999999996 0.384571 0.4021655 0.3790156666666667 0.40224875 0.37346 0.4041655
0 0.3696293333333333 0.36711225000000003 0.3668516666666667 0.37261225000000003 0.3660736666666667 0.37686225 0.366407 0.38202875000000003 0.36929599999999996 0.38611225 0.3750736666666667 0.38961225 0.3788516666666667 0.39152875 0.3848516666666667 0.3929455 0.3918516666666667 0.39352875 0.3996293333333333 0.39361225 0.40507366666666667 0.3926955 0.41107366666666667 0.39136225 0.4155183333333334 0.3904455 0.4168516666666667 0.3859455 0.4167403333333333 0.38219549999999997 0.4126293333333333 0.37752875 0.40707366666666667 0.37561225000000004 0.40207366666666666 0.3744455 0.392185 0.37269549999999996 0.3888516666666667 0.37211225000000003 0.38429599999999997 0.37061225000000003 0.382185 0.36936225 0.379407 0.3684455 0.376407 0.36727875 0.37374033333333334 0.3666955 0.3706293333333333 0.36661225000000003 0.3696293333333333 0.36711225000000003
0 0.3636293333333333 0.38119549999999996 0.360407 0.38561225 0.35896266666666665 0.38861225 0.35818500000000003 0.39302875 0.3590736666666667 0.39661225 0.3616293333333333 0.39927875 0.36674033333333333 0.40052875 0.3720736666666667 0.40044549999999995 0.37907366666666664 0.3979455 0.38307366666666665 0.39561225 0.3839626666666666 0.39286225 0.3786293333333333 0.3911955 0.36851833333333334 0.38602875 0.3666293333333333 0.38202875000000003 0.3658516666666667 0.38077875 0.3636293333333333 0.38119549999999996
0 0.401992 0.23389325 0.41176999999999997 0.23314325 0.418881 0.23214325 0.42510333333333333 0.23056000000000001 0.43010333333333334 0.23022675 0.43777 0.23139325 0.4426586666666667 0.23372675 0.4452143333333333 0.23806 0.4456586666666667 0.24389325 0.4465476666666667 0.25072675 0.4452143333333333 0.25622675 0.44243666666666664 0.26122675 0.44077 0.26572674999999996 0.4372143333333333 0.27206 0.43410333333333334 0.27714325 0.43010333333333334 0.28156 0.420881 0.28639325000000004 0.4124366666666667 0.28706 0.40121433333333334 0.28531 0.39399200000000006 0.28314325 0.3886586666666667 0.28247675 0.381881 0.28281 0.37454766666666667 0.27981 0.36843666666666663 0.27556 0.36254766666666666 0.26531 0.3604366666666666 0.25672675 0.36110333333333333 0.25447675000000003 0.36854766666666666 0.24572675000000002 0.37654766666666667 0.24064325 0.38377 0.23689325 0.39188100000000003 0.23481 0.401992 0.23389325
0 0.4402723333333333 0.16920225 0.44777233333333333 0.16420225 0.451939 0.16238975 0.45585566666666666 0.16170225 0.46027233333333334 0.16145225 0.4670223333333333 0.16270225 0.4715223333333333 0.16476475 0.4750223333333333 0.16751475 0.478689 0.17113974999999998 0.48127233333333336 0.17520225 0.48210566666666665 0.17982725 0.482939 0.18370224999999998 0.48310566666666666 0.18820225 0.480189 0.19201474999999998 0.47577233333333335 0.19482724999999998 0.46927233333333335 0.19651475 0.459939 0.19713975 0.4526056666666667 0.19645225 0.4452723333333333 0.19282725 0.44185566666666665 0.19051474999999998 0.43760566666666667 0.18570224999999999 0.434189 0.18045224999999998 0.4332723333333333 0.17688974999999998 0.43402233333333334 0.17370225 0.4362723333333333 0.17157725 0.4402723333333333 0.16920225
0 0.298807 0.33560674999999995 0.2984736666666667 0.33135675 0.2994736666666667 0.32923175 0.3014736666666667 0.32829424999999995 0.30614033333333335 0.32885675 0.30964033333333335 0.33066924999999997 0.3124736666666667 0.33485675 0.3148903333333333 0.34023175 0.31705700000000003 0.34454425 0.3197236666666667 0.34798175 0.32205700000000004 0.35085675 0.324807 0.35379425 0.32764033333333337 0.35610674999999997 0.3297236666666667 0.35785675 0.33089033333333334 0.36079425 0.32989033333333334 0.36266925 0.32655700000000004 0.36410675 0.32047366666666666 0.36410675 0.316807 0.36254424999999996 0.306307 0.35110674999999997 0.300807 0.34329424999999997 0.298807 0.33835675 0.298807 0.33560674999999995
0 0.26802933333333334 0.3260025 0.2764736666666667 0.33083575000000004 0.28886266666666666 0.3375025 0.2924736666666667 0.33991924999999995 0.293696 0.3426275 0.294085 0.34479424999999997 0.29364033333333334 0.34616925 0.288585 0.34571075 0.2810293333333333 0.34171075 0.2719183333333333 0.33516925 0.26702933333333334 0.33008575 0.2659183333333333 0.32771075 0.26647366666666666 0.32629424999999995 0.26802933333333334 0.3260025
0 0.26902933333333334 0.31629425 0.26802933333333334 0.31841925 0.2679183333333333 0.32066924999999996 0.268696 0.32350249999999997 0.270196 0.32654425 0.2724183333333333 0.32833575000000004 0.2845293333333333 0.33533575000000004 0.28914033333333333 0.33733575000000005 0.29280700000000004 0.33729424999999996 0.29536266666666666 0.33696075000000003 0.2969736666666667 0.33616925 0.2979736666666667 0.3350025 0.297696 0.33354425 0.2965293333333333 0.33154425 0.2899736666666667 0.3263775 0.2820293333333333 0.32216924999999996 0.2764736666666667 0.31896075 0.2749183333333333 0.31758575 0.273307 0.3166275 0.2709183333333333 0.31583575 0.26902933333333334 0.31629425
0 0.14547366666666667 0.387065 0.14122366666666666 0.3906275 0.14014033333333334 0.3936275 0.14097366666666666 0.396315 0.14339033333333334 0.39944 0.14547366666666667 0.4018775 0.14714033333333332 0.404565 0.14997366666666667 0.40669 0.15372366666666668 0.40769 0.15772366666666665 0.40744 0.162557 0.406815 0.16572366666666666 0.404815 0.16755699999999998 0.4002525 0.16780699999999998 0.3948775 0.16780699999999998 0.3918775 0.16672366666666666 0.3893775 0.165307 0.3876275 0.16239033333333333 0.3866275 0.15739033333333333 0.38569 0.153057 0.385565 0.149557 0.3862525 0.14697366666666667 0.3868775 0.14547366666666667 0.387065
0 0.21616833333333332 0.33296075 0.228835 0.33946075000000003 0.23341833333333334 0.34452325 0.23441833333333334 0.35089825 0.23475166666666666 0.35608575000000003 0.23241833333333334 0.35989825000000003 0.22825166666666666 0.36233575 0.22000166666666668 0.36408575000000004 0.21041833333333332 0.36339825000000003 0.205085 0.36077325000000005 0.20075166666666666 0.35689825000000003 0.19791833333333334 0.35146075000000004 0.19666833333333333 0.34546075000000004 0.19616833333333333 0.33952325 0.19741833333333333 0.33521075 0.201335 0.33146075 0.20600166666666667 0.32983575000000004 0.21041833333333332 0.32946075 0.214835 0.33146075 0.21616833333333332 0.33296075
0 0.110196 0.3000025 0.10764033333333332 0.3017525 0.104307 0.3035025 0.10186266666666667 0.30533575 0.10052933333333335 0.30833575 0.101085 0.31208575 0.10186266666666667 0.31533575 0.10441833333333334 0.31733575 0.10752933333333334 0.31791925 0.11164033333333333 0.31816924999999996 0.11686266666666667 0.3155025 0.12152933333333334 0.31233575 0.125307 0.3107525 0.12752933333333333 0.3105025 0.12886266666666668 0.30991925 0.127696 0.30783575 0.12347366666666666 0.30491925 0.12114033333333334 0.30171075 0.11891833333333333 0.29979425 0.11536266666666667 0.29866925 0.113085 0.2983775 0.111307 0.29891924999999997 0.110196 0.3000025
0 0.25802933333333333 0.27323175 0.2563626666666666 0.27623175 0.25602933333333333 0.27935675 0.25702933333333333 0.28241924999999996 0.25852933333333333 0.28510674999999996 0.26236266666666663 0.28898175 0.271696 0.29716925 0.27844599999999997 0.30241925 0.283446 0.30566925 0.2871126666666667 0.30716924999999995 0.2900293333333333 0.30816924999999995 0.2940293333333333 0.30841925 0.296946 0.30766924999999995 0.29927933333333334 0.30504424999999996 0.2995293333333333 0.30235674999999995 0.2990293333333333 0.29954424999999996 0.297446 0.29679425 0.29461266666666663 0.29416925 0.291946 0.29241924999999996 0.2871126666666667 0.29048175 0.281946 0.28735675 0.2772793333333333 0.28341924999999996 0.2737793333333333 0.27979424999999997 0.27086266666666664 0.27648174999999997 0.26802933333333334 0.27348174999999997 0.26511266666666666 0.27235675 0.26252933333333334 0.27216925 0.25961266666666666 0.27216925 0.25802933333333333 0.27323175
0 0.33827466666666667 0.128755 0.334358 0.1301925 0.331858 0.13150499999999998 0.32902466666666663 0.1324425 0.32702466666666663 0.1351925 0.32652466666666663 0.1373175 0.32669133333333333 0.13956749999999998 0.32769133333333333 0.14156749999999999 0.330358 0.14388 0.332858 0.1459425 0.3359413333333333 0.1474425 0.33919133333333334 0.1478175 0.343858 0.14787999999999998 0.346358 0.14762999999999998 0.35169133333333336 0.1483175 0.35469133333333336 0.14812999999999998 0.35944133333333333 0.1456925 0.361358 0.142505 0.36119133333333336 0.13988 0.3587746666666667 0.1355675 0.3572746666666667 0.1335675 0.354858 0.1318175 0.35269133333333336 0.13013 0.3505246666666667 0.128755 0.345358 0.1281925 0.34060799999999997 0.128255 0.33827466666666667 0.128755
0 0.31585799999999997 0.089984 0.3141913333333333 0.092609 0.31227466666666664 0.09517149999999999 0.31035799999999997 0.0984215 0.30952466666666667 0.1017965 0.31052466666666667 0.107359 0.31285799999999997 0.11129649999999999 0.315108 0.11460899999999999 0.3170246666666667 0.11735899999999999 0.319108 0.1186715 0.322108 0.1191715 0.32577466666666666 0.1199215 0.33252466666666664 0.122109 0.33560799999999996 0.12267149999999999 0.33969133333333335 0.12279649999999999 0.34319133333333335 0.12267149999999999 0.3477746666666667 0.1202965 0.3510246666666667 0.1182965 0.35210800000000003 0.11648399999999999 0.3520246666666667 0.11167149999999999 0.35019133333333335 0.10829649999999999 0.346608 0.1046715 0.33377466666666666 0.0964215 0.32569133333333333 0.09129649999999999 0.32219133333333333 0.0899215 0.3196913333333333 0.089359 0.31727466666666665 0.0891715 0.31585799999999997 0.089984
0 0.0002446666666666667 0.2149935 0.0049113333333333335 0.21843100000000001 0.009911333333333334 0.22061850000000002 0.013911333333333335 0.222056 0.020078000000000002 0.22368100000000002 0.024244666666666664 0.22493100000000002 0.027161333333333332 0.2271185 0.02891133333333333 0.22968100000000002 0.029244666666666665 0.232806 0.027244666666666664 0.23524350000000002 0.022994666666666663 0.23699350000000002 0.015244666666666667 0.237431 0.009328000000000001 0.2368685 0.003828 0.23630600000000002 0 0.23480600000000001 0.0002446666666666667 0.2149935
0 0.0238 0.252056 0.027355666666666664 0.23647274999999998 0.030577999999999998 0.231306 0.033133333333333334 0.22972275 0.03713333333333334 0.22872275 0.041022333333333334 0.229556 0.04491133333333334 0.23047275 0.050022333333333335 0.23372274999999998 0.05246666666666667 0.23663925 0.0528 0.24180600000000002 0.05191133333333334 0.24672275 0.051022333333333336 0.25088925 0.05046666666666667 0.25597274999999997 0.050022333333333335 0.26213925 0.04835566666666667 0.26538925 0.04602233333333334 0.26755599999999996 0.0408 0.26913925 0.03624466666666667 0.26963925 0.03191133333333333 0.26938925 0.027133333333333336 0.26822275 0.022688999999999997 0.26438925 0.021355666666666665 0.259056 0.0228 0.25372275 0.0238 0.252056
0 0.08296666666666667 0.189306 0.08421666666666666 0.18736850000000002 0.08554999999999999 0.186556 0.08729999999999999 0.186056 0.08988333333333333 0.18586850000000002 0.09263333333333333 0.186181 0.0968 0.187806 0.09988333333333332 0.189056 0.10454999999999999 0.19068100000000002 0.10763333333333333 0.191806 0.11055 0.193556 0.11205 0.195056 0.1128 0.1968685 0.11263333333333332 0.19818100000000002 0.11121666666666666 0.19949350000000002 0.10888333333333333 0.200806 0.10413333333333333 0.20199350000000002 0.09979999999999999 0.201806 0.0948 0.198806 0.08896666666666665 0.19493100000000002 0.08563333333333333 0.19293100000000002 0.08313333333333334 0.19093100000000002 0.08296666666666667 0.189306
0 0.06338333333333333 0.127306 0.06905 0.122306 0.07205 0.121181 0.07413333333333333 0.120931 0.08155 0.1214935 0.08604999999999999 0.122056 0.08829999999999999 0.12261849999999999 0.09029999999999999 0.12361849999999999 0.09138333333333333 0.125306 0.09263333333333333 0.127431 0.09305 0.129556 0.09538333333333332 0.13443100000000002 0.0958 0.13668100000000002 0.0963 0.139431 0.09571666666666666 0.14149350000000002 0.09471666666666666 0.143431 0.09096666666666665 0.144681 0.08604999999999999 0.1456185 0.08238333333333334 0.14605600000000002 0.07971666666666667 0.145431 0.07713333333333333 0.142431 0.07388333333333333 0.14074350000000002 0.06963333333333334 0.13949350000000002 0.06721666666666667 0.13849350000000002 0.06471666666666667 0.137056 0.06271666666666667 0.1338685 0.06196666666666667 0.13143100000000002 0.06213333333333333 0.129306 0.06338333333333333 0.127306
0 0.10178733333333334 0.17583625 0.10728733333333335 0.16671125 0.11412066666666668 0.16271125 0.11828733333333334 0.16146125 0.12512066666666669 0.16183625000000001 0.13145400000000002 0.16333625000000002 0.140954 0.16821125 0.16778733333333334 0.18633625 0.18378733333333333 0.19683625000000002 0.19878733333333332 0.20896125000000002 0.203454 0.21558625 0.20512066666666665 0.21996125 0.20328733333333332 0.22583625000000002 0.20078733333333332 0.23133625 0.19728733333333331 0.23683625 0.195454 0.24433625 0.195954 0.25321125 0.196954 0.26133625 0.19928733333333332 0.26758625 0.20812066666666665 0.28233625 0.21062066666666665 0.29158625 0.21078733333333333 0.29658625 0.20878733333333332 0.30021125 0.205954 0.30308625 0.20212066666666664 0.30683625000000003 0.19912066666666667 0.30821125 0.1927873333333333 0.30858625 0.18562066666666666 0.30796125 0.177454 0.30621125 0.16578733333333334 0.30096125 0.156454 0.29446125 0.14662066666666668 0.28908625 0.141954 0.28483625 0.13778733333333334 0.27733625 0.13762066666666667 0.27021125 0.13812066666666667 0.26521125 0.139954 0.25883625 0.14128733333333335 0.24846125 0.14062066666666667 0.23646125 0.13478733333333334 0.22621125 0.12628733333333333 0.21508625 0.11412066666666668 0.19721125 0.10745400000000001 0.18846125 0.10362066666666668 0.18358625 0.101454 0.17958625 0.10178733333333334 0.17583625
0 0.15362066666666668 0.12154475 0.15562066666666668 0.11704474999999999 0.15928733333333334 0.11141975 0.17012066666666667 0.10866975 0.18212066666666665 0.10766975 0.19212066666666666 0.10779475 0.19912066666666667 0.10829475 0.205454 0.10941975 0.21212066666666665 0.11154475 0.21662066666666666 0.11416974999999999 0.22112066666666666 0.12141974999999999 0.223954 0.13016975 0.22662066666666666 0.13879475 0.231454 0.14916975 0.235454 0.15766975 0.24028733333333333 0.16291975 0.251954 0.16704475 0.26795399999999997 0.17066974999999998 0.282954 0.17041974999999998 0.29528733333333335 0.17054475 0.31562066666666666 0.17041974999999998 0.3247873333333333 0.17604475 0.33778733333333333 0.18016975 0.34645400000000004 0.18454474999999998 0.35428733333333334 0.19041975 0.3581206666666667 0.19816975 0.35945400000000005 0.20629475 0.35628733333333334 0.22004474999999998 0.3511206666666667 0.22354475 0.336954 0.22566975 0.3202873333333333 0.22679475 0.3082873333333333 0.22729475 0.28912066666666664 0.22879475 0.275954 0.22966975 0.2582873333333333 0.22766975 0.24262066666666665 0.22291975 0.22712066666666667 0.21541975 0.20478733333333332 0.20279475 0.18395399999999998 0.18441975 0.17478733333333332 0.17291974999999998 0.16878733333333334 0.16129475 0.16412066666666666 0.15154475 0.15562066666666668 0.13179475 0.152454 0.12629474999999998 0.15362066666666668 0.12154475
0 0.09528733333333333 0.09779475 0.09095400000000001 0.10079474999999999 0.087954 0.10379474999999999 0.088954 0.10629475 0.09528733333333333 0.11104475 0.102954 0.11341975 0.11162066666666667 0.11604474999999999 0.12578733333333333 0.12054474999999999 0.13295400000000002 0.12266975 0.139454 0.12204475 0.14528733333333335 0.11916974999999999 0.150954 0.11754474999999999 0.15562066666666668 0.11579474999999999 0.15628733333333333 0.11304475 0.150454 0.10854475 0.11628733333333334 0.09941974999999999 0.10628733333333334 0.09754475 0.10028733333333334 0.09666975 0.09528733333333333 0.09779475
0 0.09702766666666668 0.035557250000000006 0.06391666666666666 0.04055725 0.05280566666666667 0.042390500000000005 0.04769433333333333 0.04455725000000001 0.044361 0.0478905 0.04502766666666667 0.054223999999999994 0.04791666666666667 0.0618905 0.056139 0.06889050000000001 0.07302766666666667 0.07022400000000001 0.084139 0.06989050000000001 0.09858333333333333 0.06905725 0.10991666666666666 0.068224 0.12480566666666666 0.0683905 0.13591666666666666 0.06905725 0.14591666666666667 0.07089050000000001 0.15858333333333333 0.073224 0.17347233333333334 0.07355724999999999 0.18880566666666668 0.07172400000000001 0.20036099999999998 0.07022400000000001 0.20547233333333334 0.06855725 0.20458333333333334 0.06355725000000001 0.2008056666666667 0.059390500000000006 0.188361 0.0528905 0.15458333333333332 0.039723999999999995 0.12480566666666666 0.034557250000000005 0.10680566666666666 0.034557250000000005 0.09702766666666668 0.035557250000000006
1 0.07910266666666667 0.6398465 0.079936 0.6340965 0.08135266666666667 0.6335965 0.08326933333333333 0.6334715 0.08660266666666666 0.634659 0.20663066666666668 0.69230475 0.20688066666666668 0.69392975 0.07717233333333333 0.763482 0.07563066666666667 0.76395075 0.07388066666666666 0.76382575 0.073339 0.7620757499999999 0.07910266666666667 0.6398465
1 0 0.731409 0.071589 0.81024225 0.07214433333333332 0.8124089999999999 0.07103333333333334 0.81399225 0 0.83261725 0 0.731409
1 0.20103333333333334 0.671659 0.18925566666666668 0.68336725 0.18936666666666668 0.684034 0.1932556666666667 0.68574225 0.34611666666666663 0.709909 0.34708900000000004 0.70976325 0.3478943333333333 0.70913825 0.3482833333333333 0.70824225 0.348311 0.70661725 0.29626933333333333 0.581836 0.29499166666666665 0.581211 0.2933806666666667 0.5810445 0.291436 0.582086 0.20103333333333334 0.671659
1 0.3566306666666667 0.68456525 0.3557416666666666 0.6803985 0.35751933333333336 0.67856525 0.35985266666666665 0.67906525 0.560075 0.7385235 0.5615749999999999 0.7395235 0.5615749999999999 0.7409819999999999 0.5608526666666667 0.74231525 0.394325 0.8547735 0.392936 0.8553985000000001 0.390825 0.855232 0.38954733333333336 0.8533985000000001 0.3566306666666667 0.68456525