0 0.099562656641604 0.7205245327102804 0.1033220551378446 0.7263656542056075 0.11272055137844611 0.7298703271028038 0.11835964912280701 0.7237371495327103 0.11961278195488721 0.7190642523364486 0.099562656641604 0.7205245327102804
0 0.7725989974937343 0.6906366822429906 0.7815802005012532 0.696088785046729 0.7851303258145363 0.701929906542056 0.7849210526315789 0.7091343457943925 0.7819974937343358 0.72003738317757 0.7780288220551378 0.728214953271028 0.7774022556390977 0.7371717289719626 0.7788646616541354 0.7469065420560748 0.783250626566416 0.7535268691588786 0.7842944862155388 0.7607301401869159 0.7813709273182957 0.7687137850467289 0.7748959899749372 0.7761121495327102 0.7540112781954887 0.7815642523364486 0.738764411027569 0.7788376168224298 0.722890977443609 0.7716343457943925 0.7122393483709273 0.758393691588785 0.7036766917293233 0.7463224299065421 0.7005438596491228 0.7299672897196261 0.7038859649122807 0.7214007009345794 0.7162080200501253 0.7223738317757009 0.7264423558897244 0.7223738317757009 0.738764411027569 0.7208165887850467 0.7469097744360902 0.7143913551401869 0.7544285714285714 0.7036822429906542 0.7621566416040101 0.6951156542056075 0.7725989974937343 0.6906366822429906
0 0.6722443609022557 0.6290128504672896 0.6709912280701754 0.6360221962616822 0.6672318295739349 0.646536214953271 0.6626365914786967 0.6593866822429906 0.6618007518796992 0.6667862149532711 0.6659786967418546 0.6765210280373831 0.66681328320802 0.6850876168224298 0.6655601503759399 0.6994964953271028 0.6626365914786967 0.7100105140186916 0.6601303258145363 0.718966121495327 0.654281954887218 0.7283119158878504 0.6421691729323309 0.7314275700934579 0.6275488721804511 0.7306483644859812 0.6154348370927318 0.72325 0.6116754385964912 0.7076740654205608 0.6066629072681704 0.6979380841121494 0.5953847117794486 0.6893714953271027 0.5836892230576441 0.6846985981308411 0.5757531328320802 0.6757418224299064 0.5724110275689223 0.6628913551401868 0.5719937343358397 0.6449789719626168 0.5836892230576441 0.6231717289719626 0.5958032581453634 0.6130478971962617 0.6125112781954887 0.6064275700934579 0.6325614035087719 0.6044801401869159 0.6475989974937343 0.6068165887850466 0.6622192982456141 0.6142161214953271 0.6722443609022557 0.6290128504672896
0 0.26863032581453633 0.1394299065420561 0.26361779448621553 0.1464392523364486 0.2573521303258145 0.15636915887850467 0.2551591478696742 0.1627943925233645 0.2626779448621554 0.16629906542056075 0.2698834586466165 0.16308644859813085 0.27458270676691726 0.15403271028037382 0.27364285714285713 0.14030607476635515 0.26863032581453633 0.1394299065420561
0 0.1621140350877193 0.16454672897196262 0.1558483709273183 0.17214018691588787 0.15365538847117796 0.17856542056074767 0.15553508771929825 0.18615887850467291 0.1596077694235589 0.19550467289719628 0.16743984962406014 0.19959345794392525 0.1771516290726817 0.20426635514018693 0.1890563909774436 0.20163785046728971 0.1972017543859649 0.1978411214953271 0.2047205513784461 0.18849532710280376 0.2066002506265664 0.1791495327102804 0.20315413533834586 0.1686355140186916 0.1959486215538847 0.16075 0.18623684210526315 0.1587056074766355 0.17370551378446114 0.1587056074766355 0.1621140350877193 0.16454672897196262
0 0.008605263157894737 0.31145093457943923 0.003906015037593985 0.3374439252336448 0.014244360902255641 0.36986214953271024 0.09977067669172933 0.4697453271028037 0.16054761904761902 0.41337850467289716 0.16242731829573934 0.406661214953271 0.008605263157894737 0.31145093457943923
0 0.01643734335839599 0.3578878504672897 0.015184210526315791 0.3640210280373832 0.01769047619047619 0.37073831775700933 0.022703007518796992 0.38125233644859813 0.0314749373433584 0.38534112149532707 0.041499999999999995 0.3865093457943925 0.041813283208020045 0.37833177570093457 0.03680075187969925 0.3689859813084112 0.028968671679197994 0.36197663551401865 0.021449874686716792 0.3578878504672897 0.01643734335839599 0.3578878504672897
0 0.01581077694235589 0.3859252336448598 0.011111528822055138 0.4633200934579439 0.07815413533834586 0.4574789719626168 0.01581077694235589 0.3859252336448598
0 0.17699498746867168 0.4181483644859813 0.17307894736842103 0.422821261682243 0.1733922305764411 0.4279322429906542 0.17730827067669172 0.43275116822429904 0.18357393483709272 0.43275116822429904 0.18889974937343357 0.4309988317757009 0.19062280701754386 0.42515771028037386 0.18936967418546366 0.4200467289719626 0.18373057644110274 0.41727219626168227 0.17699498746867168 0.4181483644859813
0 0.2699887218045113 0.26160630841121496 0.2609035087719298 0.2697838785046729 0.255890977443609 0.2782535046728972 0.2552644110275689 0.2875992990654206 0.25714411027568923 0.2972371495327103 0.25965037593984963 0.3074591121495327 0.2668558897243108 0.3165128504672897 0.28377318295739345 0.32731892523364486 0.2878458646616541 0.33608060747663554 0.29129197994987466 0.34805490654205606 0.29129197994987466 0.3576927570093458 0.29379824561403506 0.3635338785046729 0.30382330827067666 0.37054322429906544 0.31729448621553885 0.3746320093457944 0.3329586466165414 0.38018107476635515 0.34893609022556393 0.38164135514018693 0.36898621553884714 0.3822254672897196 0.3855902255639098 0.3763843457943925 0.4003145363408522 0.3684988317757009 0.4112794486215539 0.35477219626168227 0.4194248120300752 0.33432827102803736 0.42161779448621556 0.3173890186915888 0.41848496240601507 0.3004497663551402 0.4103395989974938 0.2852628504672897 0.4018809523809524 0.2729964953271028 0.3918558897243108 0.26949182242990655 0.37525187969924817 0.27124415887850467 0.36334711779448625 0.2770852803738318 0.349562656641604 0.27737733644859813 0.33421177944862157 0.27533294392523366 0.3207406015037594 0.27007593457943924 0.305703007518797 0.2618983644859813 0.29661779448621556 0.2581016355140187 0.2850263157894737 0.25751752336448597 0.2750012531328321 0.2581016355140187 0.2699887218045113 0.26160630841121496
0 0.6301591478696742 0.5030397196261682 0.6360075187969925 0.5016764018691589 0.639140350877193 0.5024556074766355 0.6397669172932331 0.5081016355140187 0.6410200501253133 0.5160852803738318 0.6418558897243108 0.5250408878504673 0.6422731829573934 0.529713785046729 0.6449887218045113 0.5384754672897196 0.647703007518797 0.5454848130841121 0.6502092731829573 0.5519100467289719 0.6500012531328321 0.5569731308411215 0.6460325814536341 0.5596985981308411 0.6401842105263158 0.5587254672897196 0.6324573934837093 0.5519100467289719 0.6274448621553885 0.5449007009345794 0.6232669172932331 0.5349707943925234 0.6207606516290727 0.5258200934579439 0.6222230576441102 0.5182266355140187 0.6257731829573935 0.5110221962616822 0.626609022556391 0.505571261682243 0.6301591478696742 0.5030397196261682
0 0.9469937343358397 0.6506249999999999 0.8266929824561404 0.6903446261682242 0.8639736842105263 0.7551810747663551 0.88684335839599 0.7566413551401868 0.9507531328320802 0.7093282710280373 0.9541992481203008 0.6993983644859812 0.9469937343358397 0.6506249999999999
0 0.7916052631578948 0.607108644859813 0.8088358395989975 0.6912207943925233 0.9576453634085214 0.6427394859813084 0.9523195488721805 0.6059404205607476 0.7916052631578948 0.607108644859813
0 0.9523195488721805 0.534678738317757 0.9106528822055138 0.602143691588785 0.9520062656641605 0.6027278037383177 0.9573320802005013 0.5869567757009346 0.9523195488721805 0.534678738317757
0 0.955765664160401 0.3345233644859813 0.9641190476190475 0.35944509345794395 0.9540939849624059 0.4112371495327103 0.9006278195488722 0.4926226635514019 0.8037180451127819 0.34308995327102804 0.8087305764411027 0.33530257009345793 0.955765664160401 0.3345233644859813
0 0.009963659147869675 0.04811331775700935 0.038472431077694234 0.04811331775700935 0.10739473684210525 0.045484813084112154 0.04975062656641604 0.13952686915887852 0.009023809523809522 0.062132009345794395 0.009963659147869675 0.04811331775700935
0 0.3510764411027569 0.01107126168224299 0.34402756892230574 0.016036214953271028 0.3396416040100251 0.022753504672897197 0.33525563909774436 0.032391355140186914 0.3347857142857143 0.0415911214953271 0.33603884711779447 0.051521028037383176 0.34026817042606516 0.061012850467289714 0.34669047619047616 0.06685397196261682 0.352016290726817 0.07254906542056075 0.35953508771929826 0.07766004672897196 0.36956015037593987 0.0807266355140187 0.383031328320802 0.08087266355140188 0.3963458646616541 0.08043457943925233 0.4046478696741855 0.07926635514018691 0.4121666666666667 0.06729205607476635 0.4189022556390977 0.05882242990654205 0.4254812030075188 0.05195911214953271 0.4347230576441103 0.046702102803738314 0.4428684210526316 0.044219626168224294 0.45258020050125314 0.04217523364485981 0.4597857142857143 0.036188084112149535 0.46025563909774436 0.030200934579439252 0.457906015037594 0.024067757009345794 0.45258020050125314 0.021585280373831776 0.44271177944862156 0.022315420560747663 0.4312769423558897 0.023337616822429907 0.4181190476190476 0.022315420560747663 0.40778070175438597 0.019248831775700935 0.3986954887218045 0.014429906542056075 0.3896102756892231 0.011509345794392523 0.37833208020050124 0.011509345794392523 0.37096992481203006 0.014867990654205607 0.36674060150375937 0.015890186915887852 0.3636077694235589 0.016474299065420563 0.3636077694235589 0.013261682242990654 0.3612581453634085 0.011217289719626168 0.3570288220551378 0.010195093457943926 0.3510764411027569 0.01107126168224299
0 0.3779147869674186 0.6648878504672897 0.37958521303258147 0.6709228971962616 0.3837619047619048 0.6748177570093458 0.3910726817042607 0.6755957943925233 0.392952380952381 0.6685864485981308 0.39065413533834586 0.6627453271028036 0.3829273182957394 0.6617721962616823 0.3779147869674186 0.6648878504672897
0 0.40778070175438597 0.4906764018691589 0.4055877192982456 0.49549532710280375 0.4055877192982456 0.5003142523364486 0.4043345864661654 0.506447429906542 0.40402130325814534 0.5109742990654206 0.4024548872180451 0.515501168224299 0.40903383458646614 0.5152091121495327 0.41404636591478694 0.5096600467289719 0.4168659147869674 0.5044030373831776 0.4160827067669173 0.49812383177570096 0.41279323308270677 0.4919906542056075 0.40778070175438597 0.4906764018691589
1 0.16065288220551377 0.6723352803738318 0.14310902255639096 0.8291693925233645 0.04787092731829574 0.7730946261682243 0.02531453634085213 0.7085502336448598 0.041291979949874685 0.671751168224299 0.16065288220551377 0.6723352803738318
1 0.05069047619047619 0.7844848130841121 0.043171679197994986 0.7982114485981309 0.05069047619047619 0.805804906542056 0.068234335839599 0.7947067757009346 0.05069047619047619 0.7844848130841121
1 0.3169812030075188 0.5999053738317757 0.3178157894736842 0.6929731308411214 0.3888270676691729 0.7576156542056075 0.4936729323308271 0.7572254672897195 0.5630125313283207 0.6984252336448598 0.3169812030075188 0.5999053738317757
1 0.20712280701754385 0.335107476635514 0.21652130325814536 0.5845233644859813 0.2873233082706767 0.5249439252336449 0.3048671679197995 0.4647803738317757 0.2835639097744361 0.401696261682243 0.20712280701754385 0.335107476635514
1 0.3686729323308271 0.4052978971962617 0.3707606516290727 0.5980549065420561 0.41837969924812035 0.5439275700934579 0.4288233082706767 0.5026507009345794 0.42005137844611534 0.4613726635514019 0.3686729323308271 0.4052978971962617