0 0.770240170031881 0.8577887981330222 0.7666981934112646 0.8628459743290547 0.765989373007439 0.8850163360560093 0.7677608926673751 0.9548331388564761 0.7682922422954304 1 0.9854367693942615 0.9995624270711785 0.9934070138150903 0.9604725787631272 0.991990435706695 0.9130210035005834 0.9811859723698194 0.8574002333722287 0.770240170031881 0.8577887981330222
0 0.05309564293304995 0.6558249708284715 0.04955260361317747 0.6641878646441073 0.04530180658873539 0.6754667444574096 0.0403432518597237 0.6867467911318553 0.038749202975557916 0.6933593932322053 0.03786291179596174 0.7058051341890315 0.038749202975557916 0.7182520420070012 0.03945696068012752 0.73575495915986 0.03715515409139214 0.7468401400233372 0.03945696068012752 0.7563698949824971 0.043531349628055264 0.7699824970828472 0.04671944739638682 0.7824294049008168 0.04937619553666313 0.7925425904317386 0.05522104144527099 0.7905974329054842 0.07824548352816153 0.7777619603267212 0.0890499468650372 0.7719276546091015 0.09117534537725824 0.7623978996499416 0.09135281615302869 0.6752730455075845 0.0871020191285866 0.6709941656942824 0.07186928799149842 0.6630210035005834 0.05964824654622741 0.6562135355892649 0.05309564293304995 0.6558249708284715
0 0.1099500531349628 0.9395670945157526 0.12872369819341126 0.9315927654609102 0.15653134962805526 0.9181738623103851 0.1882348565356004 0.9030046674445741 0.20895749202975558 0.8948366394399067 0.2133857598299681 0.8948366394399067 0.21391710945802336 0.9002823803967328 0.21179171094580232 0.9504574095682614 0.21055154091392134 0.9553197199533255 0.15582252922422954 0.9790455075845975 0.14041339001062697 0.9866301050175029 0.1335058448459086 0.9831295215869312 0.1225249734325186 0.9664049008168027 0.10924123273113709 0.9450116686114353 0.1099500531349628 0.9395670945157526
0 0.33116790648246547 0.8391190198366394 0.3375441020191286 0.8370770128354725 0.34033368756641874 0.8399941656942824 0.3383411264612115 0.8891481913652275 0.3371455897980872 0.897024504084014 0.3233304994686504 0.9035880980163361 0.2861360255047822 0.9203617269544924 0.26089691817215727 0.9305717619603268 0.2541222104144527 0.9331971995332555 0.24934006376195536 0.9311551925320887 0.2189202975557917 0.8933780630105017 0.21865462274176406 0.8890023337222871 0.2231710945802338 0.8857934655775963 0.33116790648246547 0.8391190198366394
0 0.3419277364505845 0.8008564760793465 0.3435217853347503 0.79463243873979 0.3479500531349628 0.7905484247374562 0.356451647183847 0.787242707117853 0.3713294367693942 0.7814084014002334 0.385144527098831 0.7746021003500583 0.39152072263549414 0.773240373395566 0.39382359192348565 0.7759626604434072 0.39435494155154094 0.7814084014002334 0.3911668437832094 0.9049008168028004 0.3909893730074389 0.9136522753792299 0.3892178533475027 0.9173477246207702 0.3846131774707758 0.9181260210035005 0.3787683315621679 0.9148191365227538 0.34812752391073326 0.9000396732788798 0.3417513283740702 0.8955659276546091 0.34051115834218915 0.8928436406067678 0.3419277364505845 0.8008564760793465
0 0.840422954303932 0.7170851808634773 0.8351094580233793 0.7237946324387399 0.830327311370882 0.7326919486581097 0.8236854410201913 0.7430478413068845 0.8191689691817216 0.7529661610268379 0.8139883103081827 0.7609883313885648 0.8123942614240169 0.7647806301050175 0.8146524973432518 0.7695939323220538 0.8226227417640807 0.7733862310385065 0.8332497343251859 0.7763033838973162 0.843212539851222 0.7765950991831972 0.8600828905419766 0.7744072345390899 0.8725696068012752 0.7728028004667445 0.8870488841657811 0.7685729288214703 0.8972773645058448 0.7637596266044341 0.9043177470775771 0.7590921820303385 0.9073730074388947 0.7528203033838974 0.9061774707757704 0.7471318553092182 0.9011296493092454 0.7437771295215869 0.8742964930924548 0.7312333722287048 0.8482603613177471 0.7197106184364062 0.8433453772582359 0.7165017502917154 0.840422954303932 0.7170851808634773
0 0.8038480340063763 0.6569918319719954 0.8098703506907545 0.6519358226371061 0.8080988310308184 0.6741061843640607 0.8034941551540914 0.7021108518086348 0.8003060573857598 0.712222870478413 0.7871987247608927 0.7289486581096849 0.7446907545164718 0.7942928821470244 0.7082051009564294 0.8487456242707118 0.6858884165781084 0.8783068844807467 0.6724272051009564 0.8977537922987164 0.6688852284803402 0.903977829638273 0.6596748140276302 0.9028109684947491 0.5495090329436769 0.8588588098016336 0.5456121147715197 0.8495239206534423 0.5498629117959618 0.8436896149358226 0.8038480340063763 0.6569918319719954
0 0.41977045696068016 0.5110373395565928 0.43606588735387886 0.5034527421236873 0.44173326248671624 0.5017024504084014 0.4454527098831031 0.5028693115519254 0.4454527098831031 0.5081201866977829 0.4422646121147715 0.6353080513418903 0.43996174282678 0.6405589264877479 0.4344718384697131 0.6407526254375729 0.39462061636556856 0.6216942823803968 0.3921402763018066 0.6176102683780631 0.39462061636556856 0.5262065344224037 0.3979851222104145 0.5203722287047842 0.41977045696068016 0.5110373395565928
0 0.44332731137088205 0.4299404900816803 0.4422646121147715 0.44817269544924154 0.4453198724760893 0.45969544924154027 0.4497035069075452 0.449485414235706 0.45063336875664184 0.43475379229871647 0.4459840595111583 0.4286277712952159 0.44332731137088205 0.4299404900816803
0 0.5911753453772582 0.589071178529755 0.5654048884165782 0.6007397899649941 0.5590286928799151 0.6071575262543757 0.5436195536663124 0.6249521586931155 0.5343209351753454 0.6366207701283547 0.532461211477152 0.6409964994165693 0.5375090329436769 0.6439136522753792 0.8502082890541978 0.6412882147024503 0.852865037194474 0.6366207701283547 0.8480828905419767 0.6310781796966161 0.7776790648246547 0.5275192532088682 0.7726312433581297 0.5240186697782964 0.7622699256110521 0.5260606767794632 0.5911753453772582 0.589071178529755
0 0.7295919234856536 0.4225985997666277 0.7279978746014878 0.42473745624270715 0.7279978746014878 0.42852975495915985 0.7287066950053135 0.43251691948658105 0.7313634431455898 0.4363092182030338 0.7341965993623805 0.4395180863477246 0.7366769394261423 0.441073512252042 0.7390680127523911 0.44029638273045507 0.7407502656748141 0.43767094515752625 0.7407502656748141 0.43251691948658105 0.7387130712008502 0.426585764294049 0.736499468650372 0.4225985997666277 0.7342858660998937 0.42162660443407235 0.7306546227417642 0.42162660443407235 0.7295919234856536 0.4225985997666277
0 0.7860478214665251 0.4195845974329055 0.7109500531349628 0.4643138856476079 0.7074080765143465 0.46664760793465576 0.7045738575982997 0.47462077012835474 0.6875706695005314 0.545022170361727 0.6881020191285866 0.5487164527421237 0.6919989373007439 0.5469661610268378 0.8478618490967056 0.4258074679113185 0.8506950053134963 0.4221120186697783 0.8487470775770457 0.41938973162193693 0.790298618490967 0.41841773628938156 0.7860478214665251 0.4195845974329055
0 0.8057077577045697 0.2660443407234539 0.8049989373007439 0.27751925320886817 0.7986227417640808 0.2825752625437573 0.8274930924548354 0.31738623103850644 0.8312125398512221 0.3134970828471412 0.8384739638682253 0.31641423570595095 0.8549458023379384 0.27537922987164526 0.849278427205101 0.27304550758459745 0.8494558979808714 0.2664340723453909 0.8057077577045697 0.2660443407234539
0 0.7808225292242296 0.13953792298716453 0.7803804463336875 0.14828938156359395 0.771701381509033 0.15383197199533255 0.7963209351753453 0.18893465577596266 0.8003060573857598 0.18455892648774797 0.8064165781083953 0.1899066511085181 0.8261647183846972 0.1528588098016336 0.817663124335813 0.14838623103850643 0.8178405951115834 0.14050991831971996 0.7808225292242296 0.13953792298716453
0 0.6564431455897981 0.0429801633605601 0.6463475026567481 0.04686931155192532 0.6451073326248672 0.04998133022170362 0.6479415515409139 0.055232205367561266 0.7237470775770457 0.1752240373395566 0.7278204038257173 0.17716919486581098 0.731894792773645 0.17600233372228705 0.8200988310308183 0.056982497082847146 0.8200988310308183 0.052898483080513425 0.817442082890542 0.049591598599766626 0.6961168969181722 0.028199533255542593 0.6913347502656748 0.027227537922987165 0.6835419766206163 0.028394399066511086 0.6564431455897981 0.0429801633605601
1 0.44359298618490967 0.30051575262543756 0.42924654622741765 0.3095589264877479 0.3883326248671626 0.34310618436406065 0.3208512221041445 0.39882380396732786 0.319788522848034 0.4037829638273045 0.39577151965993623 0.4612508751458576 0.4353570669500531 0.4904224037339556 0.44199893730074385 0.49450641773628934 0.44624973432518594 0.4910058343057176 0.4489064824654623 0.3273535589264877 0.4499691817215728 0.30518319719953324 0.44864080765143466 0.2990571761960326 0.44359298618490967 0.30051575262543756