0 0.41563236763236766 0.8170572429906542 0.44843256743256743 0.8172523364485981 0.4510969030969031 0.8184205607476636 0.4520959040959041 0.8246507009345794 0.4530949050949051 0.8314661214953272 0.4532607392607393 0.922197429906542 0.4530949050949051 0.9301810747663551 0.4517622377622378 0.9334906542056075 0.44476923076923075 0.9344637850467289 0.4157982017982018 0.9344637850467289 0.4121358641358641 0.9332955607476635 0.4106373626373626 0.9290128504672898 0.4098041958041958 0.8310759345794392 0.4104705294705294 0.8225093457943925 0.4121358641358641 0.8191997663551402 0.41563236763236766 0.8170572429906542
0 0.19834965034965035 0.8742032710280374 0.39515284715284715 0.8712827102803739 0.4003976023976024 0.8715747663551402 0.4023956043956044 0.8777079439252337 0.4033946053946054 0.9872289719626168 0.4023956043956044 0.994822429906542 0.3954025974025974 0.9992032710280374 0.19235564435564437 1 0.18935864135864136 0.9962827102803739 0.19160639360639362 0.8882219626168224 0.19160639360639362 0.878 0.19485314685314686 0.8744953271028038 0.19834965034965035 0.8742032710280374
0 0.2536693306693307 0.7540221962616822 0.23918381618381618 0.7766565420560747 0.2311918081918082 0.7886308411214953 0.2296933066933067 0.7968084112149533 0.23556243756243755 0.8038177570093458 0.24492807192807192 0.8042558411214953 0.29725074925074924 0.7935957943925234 0.30324475524475525 0.7880467289719626 0.3048681318681319 0.7791390186915887 0.2965014985014985 0.7741740654205608 0.2536693306693307 0.7540221962616822
0 0.2271958041958042 0.7026203271028038 0.0194035964035964 0.8644193925233644 0.019153846153846153 0.8711366822429907 0.02165134865134865 0.875517523364486 0.10656643356643357 0.911732476635514 0.11305994005994006 0.9140689252336448 0.11805494505494506 0.9096880841121495 0.2227002997002997 0.7499334112149533 0.2316913086913087 0.706125 0.23094205794205794 0.702036214953271 0.2271958041958042 0.7026203271028038
0 0.20205394605394605 0.5987453271028037 0.04770829170829171 0.6592009345794392 0.040215784215784214 0.6676705607476635 0.017738261738261738 0.6939556074766354 0.019986013986013986 0.6983364485981308 0.26349250749250747 0.6930794392523364 0.2642417582417582 0.6884065420560748 0.21004595404595405 0.6002056074766354 0.2062997002997003 0.5967009345794393 0.20205394605394605 0.5987453271028037
0 0.17882717282717284 0.5140490654205607 0.17716183816183817 0.5171647196261682 0.176996003996004 0.521642523364486 0.17932667332667332 0.5259264018691588 0.18299000999001 0.5296261682242991 0.18631968031968033 0.5282628504672897 0.18615284715284716 0.5220327102803739 0.18382217782217783 0.5154123831775701 0.17882717282717284 0.5140490654205607
0 0.22328271728271729 0.511518691588785 0.16151148851148853 0.5485116822429906 0.159013986013986 0.5533796728971963 0.1406983016983017 0.6141273364485981 0.14169730269730269 0.6178271028037383 0.14702597402597403 0.6149065420560748 0.2704025974025974 0.5161915887850468 0.2724005994005994 0.5136600467289719 0.2709020979020979 0.511323598130841 0.22328271728271729 0.511518691588785
0 0.24384515484515484 0.38783294392523365 0.2435954045954046 0.39615654205607476 0.23847552447552448 0.4014135514018692 0.2588931068931069 0.4290852803738318 0.26245154845154844 0.42382827102803744 0.2665104895104895 0.4285011682242991 0.28205694305694307 0.39403855140186916 0.27699999999999997 0.3934544392523365 0.2774995004995005 0.38724883177570096 0.24384515484515484 0.38783294392523365
0 0.23062937062937064 0.2875841121495327 0.22979720279720278 0.2943014018691589 0.22213786213786216 0.29858528037383175 0.2407022977022977 0.326232476635514 0.24378321678321677 0.3229228971962617 0.24694605394605396 0.3267196261682243 0.26426273726273725 0.29624883177570094 0.25885114885114885 0.2933282710280374 0.259017982017982 0.2863189252336449 0.23062937062937064 0.2875841121495327
0 0.13397602397602398 0.21564135514018692 0.13181118881118883 0.2181717289719626 0.13414285714285712 0.22518107476635513 0.18525774225774227 0.3163025700934579 0.18942057942057944 0.31747079439252335 0.19241758241758244 0.3147453271028038 0.26317982017982017 0.22070327102803738 0.2641788211788212 0.21661448598130842 0.26068231768231764 0.21310981308411214 0.15312387612387612 0.1996752336448598 0.13397602397602398 0.21564135514018692
0 0.44100199800199796 0.41200000000000003 0.44424875124875124 0.4084953271028038 0.4512417582417582 0.4076191588785047 0.45398901098901095 0.41200000000000003 0.45748551448551444 0.6377593457943925 0.4235194805194805 0.6269532710280374 0.409033966033966 0.6062172897196262 0.41302997002997 0.47712850467289725 0.44100199800199796 0.41200000000000003
0 0.5387382617382618 0.22693341121495328 0.47613386613386616 0.2643165887850467 0.47513486513486514 0.27249415887850464 0.48179520479520477 0.48744742990654205 0.4807962037962038 0.5353446261682243 0.48445854145854145 0.5396285046728972 0.5623806193806193 0.5014661214953271 0.5660439560439561 0.495625 0.5463966033966033 0.22693341121495328 0.5387382617382618 0.22693341121495328
0 0.647045954045954 0.7757067757009346 0.6373056943056943 0.7724941588785047 0.6343086913086913 0.776875 0.636056943056943 0.7841764018691588 0.67301998001998 0.9880315420560748 0.6782647352647353 0.9886156542056075 0.8500929070929071 0.8428796728971962 0.848094905094905 0.8364544392523364 0.8421008991008991 0.8338259345794392 0.647045954045954 0.7757067757009346
0 0.7117732267732267 0.6312371495327104 0.7065284715284715 0.6339626168224299 0.7027822177822178 0.6371752336448598 0.7002847152847153 0.6401927570093457 0.6991188811188811 0.6445735981308411 0.699952047952048 0.649052570093458 0.7016163836163836 0.6533352803738318 0.7057792207792208 0.6561588785046729 0.7106913086913087 0.6598586448598132 0.7170179820179821 0.6634602803738318 0.724010989010989 0.667160046728972 0.7307542457542457 0.6725140186915888 0.7364155844155844 0.6785502336448599 0.746988011988012 0.6869217289719626 0.7543136863136863 0.6916927570093458 0.7608071928071928 0.6965595794392523 0.7678001998001998 0.7018165887850467 0.7782067932067932 0.7015245327102804 0.7818701298701299 0.6936390186915887 0.7831188811188812 0.6853644859813084 0.7830349650349651 0.6757266355140187 0.7802877122877123 0.6680362149532711 0.7697982017982018 0.6571320093457944 0.7521498501498501 0.644768691588785 0.7333346653346653 0.6361039719626168 0.7222627372627373 0.6312371495327104 0.7158521478521478 0.630554906542056 0.7117732267732267 0.6312371495327104
0 0.673978021978022 0.5463457943925234 0.46493706293706294 0.5513107476635515 0.4591928071928072 0.5533551401869159 0.4579440559440559 0.5574439252336449 0.4606913086913087 0.7215794392523365 0.4611908091908092 0.7271285046728972 0.6717302697302697 0.7215794392523365 0.6767252747252748 0.7204112149532711 0.6782237762237763 0.7075607476635515 0.683968031968032 0.5516028037383178 0.6804715284715285 0.5469299065420561 0.673978021978022 0.5463457943925234
0 0.484042957042957 0.5943399532710281 0.4845424575424575 0.5981366822429907 0.5221298701298702 0.6670619158878505 0.5258761238761239 0.6676460280373832 0.5477292707292708 0.6492464953271028 0.5462307692307693 0.643697429906542 0.49265934065934064 0.588498831775701 0.48916283716283715 0.5887908878504673 0.484042957042957 0.5943399532710281
0 0.7456973026973027 0.38337850467289725 0.7157272727272727 0.572338785046729 0.716976023976024 0.5775957943925234 0.7649280719280719 0.582268691588785 0.7674255744255745 0.5732149532710281 0.7861568431568431 0.40323831775700936 0.7849080919080919 0.3971051401869159 0.7516913086913086 0.3845467289719626 0.7456973026973027 0.38337850467289725
0 0.738038961038961 0.2964918224299065 0.7193906093906094 0.3046693925233645 0.7155614385614386 0.3110946261682243 0.6844255744255744 0.4174030373831776 0.6867562437562438 0.42363317757009344 0.6915854145854147 0.42616471962616825 0.7203896103896104 0.43453738317757007 0.7233866133866134 0.4314217289719626 0.7335434565434565 0.4137032710280374 0.7363736263736264 0.40338434579439253 0.7435334665334665 0.35470794392523364 0.7435334665334665 0.30992640186915893 0.7427002997002997 0.3009696261682243 0.7418681318681318 0.2968808411214953 0.738038961038961 0.2964918224299065
0 0.6562867132867133 0.25755140186915887 0.654955044955045 0.268357476635514 0.6513756243756245 0.2716670560747664 0.6702727272727272 0.3061296728971963 0.6754345654345655 0.3006775700934579 0.6826773226773227 0.30496144859813085 0.7024905094905095 0.2655338785046729 0.6954145854145855 0.26164018691588786 0.6950819180819181 0.2570642523364486 0.6562867132867133 0.25755140186915887
0 0.7498601398601399 0.1755806074766355 0.7492777222777223 0.18210280373831775 0.7418681318681318 0.18921028037383178 0.7644285714285715 0.2274696261682243 0.7699230769230769 0.2215303738317757 0.7747522477522478 0.2247429906542056 0.7930669330669331 0.18882009345794393 0.7867402597402597 0.18648364485981309 0.7874895104895105 0.176553738317757 0.7498601398601399 0.1755806074766355
0 0.6462137862137862 0.06323598130841122 0.6450479520479521 0.06888317757009346 0.7038231768231769 0.17480140186915888 0.7071528471528472 0.17830607476635513 0.7116483516483516 0.17480140186915888 0.7609320679320679 0.06304205607476636 0.7617652347652348 0.05758995327102803 0.7594335664335664 0.05525350467289719 0.6462137862137862 0.06323598130841122
0 0.9703896103896104 0.44203271028037383 0.9501598401598401 0.45678154205607474 0.9414185814185815 0.46539719626168224 0.9376723276723277 0.4719684579439252 0.9319280719280719 0.48 0.929055944055944 0.4875934579439252 0.9281818181818182 0.49474883177570095 0.9305544455544456 0.5020502336448598 0.9348001998001998 0.5086214953271028 0.9414185814185815 0.5124182242990654 0.952032967032967 0.5134404205607477 0.9615234765234766 0.5124182242990654 0.96501998001998 0.5086214953271028 0.9767582417582418 0.48803154205607474 0.9775074925074925 0.47693341121495325 0.9735114885114885 0.4610163551401869 0.9717632367632367 0.446267523364486 0.9703896103896104 0.44203271028037383
0 0.9903696303696304 0.299607476635514 0.9904945054945055 0.30442640186915887 0.9914935064935065 0.31275 0.9931168831168832 0.3181530373831776 0.9977372627372627 0.32472429906542055 0.9993606393606393 0.328375 0.9998601398601399 0.33450817757009343 0.9991108891108891 0.34078738317757007 0.9981118881118881 0.3456063084112149 0.99499000999001 0.35042523364485983 0.991993006993007 0.35334579439252334 0.9886213786213787 0.3552441588785047 0.9862487512487512 0.3594789719626168 0.9838761238761239 0.3635677570093458 0.9818781218781218 0.36794859813084113 0.9798801198801199 0.3707231308411215 0.9682667332667333 0.36283761682242993 0.9466633366633367 0.34896495327102806 0.936923076923077 0.34180957943925233 0.9273076923076923 0.334946261682243 0.9233116883116883 0.3286670560747664 0.9191908091908092 0.3184450934579439 0.9168181818181819 0.30325817757009343 0.9133216783216783 0.2914299065420561 0.910074925074925 0.2769731308411215 0.9088261738261738 0.26762733644859815 0.907952047952048 0.25317056074766353 0.9085764235764235 0.24236448598130841 0.910074925074925 0.2357932242990654 0.9193156843156843 0.2254252336448598 0.926933066933067 0.21958411214953272 0.9318031968031968 0.2171016355140187 0.9397952047952048 0.2176857476635514 0.9470379620379621 0.22250467289719625 0.9496603396603397 0.2286378504672897 0.9527822177822178 0.2353551401869159 0.9552797202797203 0.24586915887850466 0.9584015984015984 0.25755140186915887 0.9635214785214785 0.2696717289719626 0.9685164835164836 0.2784334112149533 0.9751348651348651 0.28617289719626166 0.9826273726273727 0.2940584112149533 0.9903696303696304 0.299607476635514