0 0.42885361552028217 0.2956969696969697 0.4112169312169312 0.3134835309617918 0.40019400352733686 0.3371989459815547 0.3926984126984127 0.37211330698287226 0.39490299823633157 0.3945111989459816 0.4112169312169312 0.4162503293807642 0.4363492063492063 0.41690909090909095 0.4583950617283951 0.40900395256917 0.4680952380952381 0.39121739130434785 0.48000000000000004 0.3530092226613966 0.4813227513227514 0.31941238471673256 0.4760317460317461 0.29635573122529646 0.46148148148148155 0.287133069828722 0.44031746031746033 0.2891093544137022 0.42885361552028217 0.2956969696969697
0 0.3538977072310406 0.2858155467720685 0.3340564373897707 0.3003083003952569 0.31641975308641973 0.32534123847167323 0.3124514991181658 0.3490566534914361 0.31289241622574954 0.3760658761528327 0.3225925925925926 0.4004400527009223 0.3358201058201058 0.41559156785243745 0.35169312169312167 0.4175678524374177 0.36932980599647264 0.4017575757575758 0.3913756613756614 0.35959683794466407 0.3997530864197531 0.3273175230566535 0.3926984126984127 0.29306192358366273 0.3825573192239859 0.28252173913043477 0.3538977072310406 0.2858155467720685
0 0.5558377425044092 0.25617127799736494 0.538641975308642 0.28252173913043477 0.5320282186948854 0.3075546772068511 0.5315873015873016 0.3345638998682477 0.5373192239858907 0.35235046113306984 0.5514285714285715 0.3589380764163373 0.5703880070546737 0.3503741765480896 0.5871428571428572 0.34181027667984193 0.5994885361552028 0.3220474308300395 0.6069841269841271 0.2956969696969697 0.6096296296296296 0.2627588932806324 0.6034567901234569 0.24760737812911726 0.5814109347442681 0.2410197628458498 0.5558377425044092 0.25617127799736494
0 0.4438447971781305 0.12046640316205533 0.42797178130511465 0.13825296442687746 0.4165079365079365 0.1547220026350461 0.41253968253968254 0.16789723320158104 0.4165079365079365 0.18238998682476942 0.42400352733686064 0.18831884057971013 0.43502645502645504 0.17975494071146245 0.4469312169312169 0.15867457180500658 0.4570723104056438 0.1389117259552042 0.4601587301587302 0.12244268774703557 0.45574955908289244 0.11322002635046113 0.4438447971781305 0.12046640316205533
0 0.5950793650793651 0.19885902503293806 0.5580423280423281 0.16592094861660078 0.5536331569664903 0.1487931488801054 0.5584832451499119 0.12178392621870883 0.5686243386243387 0.10070355731225296 0.5756790123456791 0.09148089591567853 0.6431393298059965 0.08884584980237153 0.6625396825396825 0.10663241106719368 0.6806172839506174 0.14549934123847166 0.7092768959435627 0.21598682476943346 0.724268077601411 0.27198155467720686 0.7233862433862435 0.29635573122529646 0.7008994708994709 0.3378577075098815 0.6700352733686068 0.3846297760210804 0.6471075837742505 0.3892411067193676 0.6259435626102293 0.3787009222661397 0.624620811287478 0.35498550724637684 0.6307936507936508 0.30821343873517787 0.5950793650793651 0.19885902503293806
0 0.7679188712522046 0.037462450592885374 0.7617460317460318 0.13561791831357048 0.7683597883597884 0.15867457180500658 0.8239153439153439 0.23706719367588933 0.8331746031746032 0.23443214756258235 0.8675661375661377 0.18963636363636363 0.8578659611992946 0.1441818181818182 0.837583774250441 0.10926745718050065 0.8208289241622575 0.06315415019762846 0.8076014109347444 0.02494598155467721 0.7837918871252205 0.022310935441370226 0.769241622574956 0.02494598155467721 0.7679188712522046 0.037462450592885374
0 0.8772663139329806 0.1850250329380764 0.8411111111111111 0.23706719367588933 0.84331569664903 0.2904268774703557 0.8741798941798943 0.3510329380764164 0.8860846560846561 0.375407114624506 0.9112169312169311 0.39385243741765485 0.9319400352733685 0.35696179183135707 0.9337037037037037 0.30623715415019764 0.9129805996472663 0.26934650856389986 0.9081305114638447 0.23311462450592885 0.8860846560846561 0.18568379446640315 0.8772663139329806 0.1850250329380764
0 0.9169488536155203 0.005183135704874836 0.8944620811287478 0.07632938076416337 0.8658024691358025 0.14220553359683794 0.8675661375661377 0.15274571805006587 0.905485008818342 0.20281159420289854 0.9967548500881833 0.12771277997364955 0.9919047619047618 0.008476943346508564 0.9830864197530864 0.005183135704874836 0.9169488536155203 0.005183135704874836
0 0.8503703703703704 0.3747483530961792 0.8419929453262787 0.4346956521739131 0.8459611992945326 0.4663162055335969 0.8653615520282187 0.5012305665349144 0.9041622574955908 0.5407562582345191 0.9116578483245149 0.5163820816864295 0.9107760141093474 0.481467720685112 0.9041622574955908 0.4577523056653492 0.8913756613756614 0.4188853754940712 0.8887301587301588 0.40505138339920954 0.8737389770723104 0.3787009222661397 0.8618342151675485 0.37079578392621876 0.8503703703703704 0.3747483530961792
0 1 0.4722450592885376 0.9844091710758377 0.4946429512516469 0.9835273368606702 0.5045243741765482 1 0.5354861660079052 1 0.4722450592885376
0 0.93679012345679 0.5519552042160738 0.9257671957671957 0.5783056653491436 0.9323809523809523 0.5868695652173913 0.9632451499118165 0.60333860342556 0.9672134038800705 0.5941159420289855 0.9553086419753086 0.57501185770751 0.93679012345679 0.5519552042160738
0 0.9103350970017636 0.6237602108036892 0.9191534391534391 0.6158550724637681 0.9323809523809523 0.6270540184453228 0.9403174603174602 0.6428642951251647 0.9314991181657848 0.6540632411067194 0.9222398589065255 0.6580158102766799 0.9147442680776013 0.6428642951251647 0.9103350970017636 0.6237602108036892
0 0.755573192239859 0.7278445322793149 0.7674779541446208 0.7232332015810277 0.7824691358024691 0.7443135704874835 0.7798236331569666 0.7541949934123847 0.7714462081128748 0.7607826086956522 0.7621869488536156 0.7489249011857707 0.755573192239859 0.7278445322793149
0 0.5941975308641976 0.7561712779973649 0.6074250440917108 0.812824769433465 0.6184479717813052 0.8055783926218708 0.647989417989418 0.7700052700922265 0.5941975308641976 0.7561712779973649
0 0.7220634920634921 0.7443135704874835 0.7053086419753087 0.7634176548089591 0.6903174603174603 0.779227931488801 0.6814991181657849 0.7950382081686429 0.6744444444444445 0.8022845849802371 0.6740035273368608 0.8213886693017127 0.6832627865961199 0.8273175230566534 0.6920811287477955 0.826 0.6881128747795415 0.8385164690382081 0.6837037037037037 0.8437865612648221 0.6832627865961199 0.8615731225296442 0.7053086419753087 0.8688194993412385 0.7463139329805997 0.8391752305665349 0.7635097001763669 0.8220474308300395 0.7604232804232804 0.8121660079051383 0.7538095238095238 0.8055783926218708 0.7463139329805997 0.8036021080368906 0.7542504409171076 0.7970144927536231 0.761305114638448 0.7930619235836627 0.761305114638448 0.7719815546772069 0.7220634920634921 0.7443135704874835
0 0.5337918871252205 0.6975415019762845 0.5787654320987655 0.7258682476943346 0.5787654320987655 0.7443135704874835 0.5805291005291006 0.7640764163372858 0.5844973544973545 0.7805454545454545 0.5840564373897708 0.7930619235836627 0.5765608465608466 0.8194123847167325 0.5650970017636685 0.8273175230566534 0.5501058201058201 0.8292938076416337 0.5443738977072311 0.818094861660079 0.5359964726631393 0.7825217391304348 0.5315873015873016 0.7495836627140975 0.5236507936507937 0.7291620553359683 0.5337918871252205 0.6975415019762845
0 0.384320987654321 0.6626271409749671 0.3618342151675485 0.6790961791831357 0.3494885361552028 0.693588932806324 0.33714285714285713 0.7133517786561264 0.3331746031746032 0.7502424242424242 0.33537918871252204 0.7732990777338603 0.34199294532627866 0.8036021080368906 0.3512522045855379 0.8319288537549406 0.3653615520282187 0.8589380764163372 0.38476190476190475 0.8767246376811594 0.40989417989417987 0.8885823451910408 0.4548677248677249 0.8819947299077734 0.4804409171075838 0.8628906455862977 0.4994003527336861 0.8391752305665349 0.5117460317460318 0.8161185770750988 0.5179188712522046 0.7864743083003952 0.521005291005291 0.7535362318840579 0.5135097001763669 0.7265270092226613 0.49984126984126986 0.6982002635046113 0.4751499118165785 0.6758023715415019 0.44825396825396824 0.6606508563899869 0.41915343915343917 0.6547220026350461 0.39666666666666667 0.6593333333333333 0.384320987654321 0.6626271409749671
0 0.2682830687830688 0.35875494071146247 0.2588765432098765 0.37368774703557317 0.2527037037037037 0.3899367588932806 0.24447354497354498 0.4145309617918314 0.2309514991181658 0.43209749670619235 0.21449118165784833 0.4329762845849803 0.20449647266313933 0.4215573122529644 0.19509082892416227 0.4105783926218709 0.18832980599647267 0.4031119894598155 0.18539065255731924 0.39564558629776025 0.17804144620811288 0.3868629776021081 0.17363227513227514 0.3758827404479579 0.1742204585537919 0.3631475625823452 0.1706931216931217 0.3622687747035573 0.16951763668430336 0.35611989459815546 0.17186860670194004 0.3486548089591568 0.1745141093474427 0.33855335968379446 0.1745141093474427 0.3306482213438735 0.18009964726631394 0.32098682476943347 0.18421428571428572 0.31966930171277996 0.18832980599647267 0.3113241106719367 0.19244532627865962 0.30912911725955206 0.19215079365079366 0.3021014492753623 0.1980299823633157 0.2937575757575757 0.2030273368606702 0.29419631093544135 0.20773015873015874 0.2867312252964427 0.21272751322751324 0.2832173913043478 0.21478483245149912 0.2775085638998682 0.22095767195767196 0.27487351778656127 0.22419135802469137 0.2674071146245059 0.22948236331569666 0.2674071146245059 0.23712433862433863 0.2687246376811594 0.24829453262786594 0.27223847167325427 0.2571128747795414 0.2827786561264822 0.2659312169312169 0.29463636363636364 0.2753377425044092 0.31791172595520417 0.27504320987654324 0.3416271409749671 0.2682830687830688 0.35875494071146247
0 0.3091410934744268 0.3855454545454546 0.308847442680776 0.41672595520421607 0.3094347442680776 0.4312187088274045 0.308847442680776 0.43780632411067194 0.3141384479717813 0.44659025032938077 0.31384391534391537 0.4685494071146245 0.312668430335097 0.4905072463768116 0.31149294532627864 0.5058787878787878 0.3076710758377425 0.5159802371541502 0.28944708994708995 0.5168577075098815 0.2671067019400353 0.5010474308300396 0.2582883597883598 0.4869947299077734 0.2506463844797178 0.472501976284585 0.2491763668430335 0.4505428194993412 0.2529973544973545 0.42111857707509887 0.2594647266313933 0.401794466403162 0.2682830687830688 0.38334914361001315 0.27945238095238095 0.3767615283267457 0.2909162257495591 0.3745652173913044 0.3023800705467372 0.3750052700922266 0.30825925925925923 0.3793965744400527 0.3091410934744268 0.3855454545454546
0 0.23830070546737214 0.5506745718050066 0.24506084656084656 0.5629710144927537 0.25152821869488534 0.5770250329380764 0.26622486772486775 0.5906389986824769 0.28092239858906526 0.5954703557312253 0.28768342151675486 0.5959090909090909 0.2835679012345679 0.5814163372859025 0.2674012345679012 0.5603359683794467 0.2524100529100529 0.5533096179183136 0.23830070546737214 0.5506745718050066
0 0.3785123456790124 0.5616534914361001 0.3785123456790124 0.5691198945981555 0.38380335097001766 0.5818563899868248 0.39144532627865963 0.5871264822134388 0.39320899470899473 0.5796600790513834 0.39085802469135805 0.5673636363636364 0.38203968253968257 0.5629710144927537 0.3785123456790124 0.5616534914361001
0 0.3229567901234568 0.6112806324110672 0.33030511463844797 0.620064558629776 0.34088712522045855 0.6319222661396575 0.34588447971781305 0.6407048748353097 0.34088712522045855 0.6486100131752306 0.33383245149911817 0.6512450592885376 0.32266225749559085 0.6389486166007905 0.31560758377425047 0.6314822134387352 0.31502028218694883 0.6161119894598156 0.3229567901234568 0.6112806324110672
0 0.5440767195767195 0.5680223978919632 0.5389320987654321 0.5741699604743083 0.5370220458553792 0.5794400527009222 0.5364338624338625 0.5847101449275363 0.5381975308641975 0.5884440052700922 0.5480449735449735 0.5873451910408433 0.552895061728395 0.5803188405797102 0.5565687830687831 0.5728524374176548 0.5562751322751323 0.5669235836627141 0.5540705467372135 0.5638498023715415 0.5487795414462081 0.5645085638998683 0.5440767195767195 0.5680223978919632
0 0.6774541446208112 0.47886956521739127 0.6754700176366842 0.4689881422924901 0.6767927689594356 0.45284848484848483 0.6812019400352733 0.43308563899868247 0.6816428571428571 0.429133069828722 0.6924453262786595 0.4347325428194993 0.7061137566137565 0.4488959156785244 0.7252936507936507 0.4640474308300395 0.7354347442680775 0.4775520421607378 0.7396234567901234 0.49402108036890646 0.7438121693121693 0.5220184453227932 0.7438121693121693 0.5332173913043479 0.7438121693121693 0.5516627140974967 0.7402848324514991 0.5724137022397892 0.7310255731922398 0.5928353096179183 0.7237504409171075 0.6053517786561264 0.7100820105820105 0.589870882740448 0.7028068783068783 0.5750487483530962 0.703247795414462 0.5631910408432147 0.7041296296296295 0.5434281949934123 0.7041296296296295 0.5272885375494071 0.6972954144620811 0.5052200263504611 0.6917839506172839 0.4956679841897233 0.6820837742504409 0.484798418972332 0.6774541446208112 0.47886956521739127
0 0.6644470899470899 0.4508722002635046 0.6635652557319224 0.4614123847167325 0.660258377425044 0.46799999999999997 0.6606992945326278 0.4798577075098814 0.6644470899470899 0.4933623188405797 0.6723835978835978 0.5029143610013175 0.679879188712522 0.5121370223978919 0.6853906525573191 0.5197127799736495 0.6867134038800705 0.5312411067193675 0.6880361552028218 0.5427694334650857 0.6882566137566137 0.5549565217391305 0.6882566137566137 0.5631910408432147 0.6862724867724868 0.5681317523056654 0.6774541446208112 0.5681317523056654 0.6598174603174602 0.5605559947299078 0.6437239858906525 0.5562740447957839 0.6351261022927689 0.5529802371541502 0.6285123456790123 0.5381581027667984 0.6207962962962963 0.5259710144927536 0.6108756613756613 0.5088432147562583 0.6020573192239859 0.48940974967061923 0.6000731922398589 0.48051646903820816 0.6029391534391534 0.462729907773386 0.6084506172839506 0.448566534914361 0.6168280423280423 0.42946245059288535 0.6227804232804233 0.4166166007905138 0.6265282186948853 0.40739393939393936 0.6335828924162257 0.41035836627140976 0.6424012345679012 0.4232042160737813 0.6512195767195766 0.43341501976284585 0.6604788359788359 0.44329644268774704 0.6644470899470899 0.4508722002635046
0 0.02416137566137566 0.5013768115942029 0.030775132275132275 0.5213596837944664 0.03371516754850088 0.5297035573122529 0.03562522045855379 0.5365111989459815 0.03371516754850088 0.5444163372859024 0.02724779541446208 0.5503451910408432 0.01681305114638448 0.5527602108036891 0.005642857142857143 0.5545177865612648 0.000058201058201058204 0.5496864295125165 0 0.5356324110671937 0 0.5037931488801054 0.004614638447971781 0.49259420289855077 0.011815696649029981 0.49171541501976285 0.017988536155202822 0.491935441370224 0.02416137566137566 0.5013768115942029
0 0.04334126984126984 0.4345125164690382 0.042900352733686066 0.4397826086956522 0.04422310405643739 0.445931488801054 0.049367724867724866 0.4498840579710145 0.05465873015873016 0.4463702239789197 0.054952380952380954 0.43890513833992095 0.05274779541446208 0.4340737812911726 0.04584038800705467 0.432536231884058 0.04334126984126984 0.4345125164690382
0 0.2471922398589065 0.12873781291172595 0.2489559082892416 0.15464953886693017 0.26012610229276895 0.18978260869565217 0.2751172839506173 0.22008563899868247 0.30245414462081127 0.2459973649538867 0.3274391534391534 0.2543412384716732 0.36330070546737214 0.2530237154150197 0.3915194003527337 0.2271133069828722 0.40445238095238095 0.1976877470355731 0.4106252204585538 0.17441238471673254 0.41562257495590826 0.13839920948616602 0.41268342151675486 0.105901185770751 0.406510582010582 0.08306324110671937 0.39563403880070547 0.05847035573122529 0.3815246913580247 0.03694993412384717 0.36300617283950615 0.021139657444005273 0.34801499118165785 0.011478260869565217 0.30451146384479716 0.01279578392621871 0.29628130511463846 0.015869565217391305 0.283347442680776 0.02465349143610013 0.2727654320987654 0.03870750988142293 0.265710758377425 0.04793017127799736 0.2524832451499118 0.05847035573122529 0.24395855379188713 0.07032806324110671 0.2395493827160494 0.08130698287220027 0.2407257495590829 0.09931357048748354 0.24190123456790122 0.11556258234519104 0.2471922398589065 0.12873781291172595
0 0.1703994708994709 0.6917048748353096 0.1766825396825397 0.6851172595520422 0.18263492063492065 0.6856113306982873 0.18869753086419752 0.6885757575757576 0.19332716049382717 0.6933517786561265 0.19409876543209878 0.6976337285902503 0.1952010582010582 0.7078445322793149 0.19531128747795415 0.7147615283267458 0.19024074074074074 0.7185494071146246 0.18263492063492065 0.719866930171278 0.17635185185185184 0.7170671936758893 0.17260405643738977 0.7104795783926219 0.17106084656084655 0.7019156785243742 0.1703994708994709 0.6917048748353096
0 0.11230864197530864 0.6609077733860342 0.1157257495590829 0.6577786561264822 0.11903262786596121 0.6539907773386034 0.12178835978835979 0.6497088274044795 0.12322134038800706 0.6464150197628459 0.12785097001763668 0.6449328063241107 0.13248059964726633 0.6459209486166008 0.13777160493827162 0.6497088274044795 0.13942504409171078 0.65267325428195 0.14317283950617285 0.6572845849802372 0.1481331569664903 0.6609077733860342 0.150668430335097 0.6648603425559948 0.1536446208112875 0.6701304347826087 0.1549673721340388 0.6747417654808959 0.15529805996472665 0.6823175230566535 0.15452645502645504 0.6900579710144927 0.15210141093474427 0.6951633728590251 0.1471410934744268 0.6992806324110672 0.14019664902998236 0.7010922266139658 0.13512610229276897 0.7040566534914361 0.13214991181657848 0.7063623188405798 0.12884303350970017 0.710973649538867 0.12498500881834215 0.711467720685112 0.12013492063492064 0.7089973649538868 0.11748941798941799 0.7037272727272728 0.11308024691358025 0.6992806324110672 0.11131657848324515 0.6938458498023715 0.11032451499118166 0.6859407114624506 0.1104347442680776 0.6760592885375495 0.11098589065255732 0.6678247694334651 0.11230864197530864 0.6609077733860342
0 0 0.07290777338603426 0.004835097001763668 0.08542424242424243 0.007333333333333334 0.09881949934123847 0.010713403880070546 0.11704479578392622 0.011889770723104057 0.13109881422924902 0.011889770723104057 0.14778656126482215 0.010419753086419754 0.16074308300395257 0.007186067019400352 0.16798945981554678 0.007186067019400352 0.17413702239789194 0.0060105820105820105 0.18006587615283265 0.002335978835978836 0.18314097496706191 0.002335978835978836 0.18994729907773383 0 0.1917048748353096 0 0.07290777338603426
0 0.07508730158730159 0.25736100131752304 0.07361816578483245 0.2687799736495389 0.07391181657848325 0.27317127799736496 0.0745 0.2788801054018445 0.0727363315696649 0.28371146245059287 0.0733236331569665 0.28942028985507245 0.07361816578483245 0.2964479578392622 0.07773280423280424 0.3008392621870883 0.08258289241622575 0.3056706192358366 0.08361199294532629 0.31072068511198947 0.08787389770723104 0.3140144927536232 0.09448765432098766 0.3155520421607378 0.09375308641975309 0.3083056653491436 0.09125485008818343 0.2951304347826087 0.08640476190476191 0.2784413702239789 0.08067283950617285 0.2613135704874835 0.07817372134038801 0.2534084321475626 0.07552821869488537 0.2534084321475626 0.07508730158730159 0.25736100131752304
0 0.05153527336860671 0.3307035573122529 0.05605467372134039 0.3275744400527009 0.06035361552028219 0.3239512516469038 0.06454232804232804 0.3218102766798419 0.07016402116402116 0.3219749670619236 0.07104585537918871 0.3252687747035573 0.0738015873015873 0.3265862977602108 0.07490388007054674 0.3290566534914361 0.07457319223985891 0.3325151515151515 0.07280952380952381 0.3351501976284585 0.06895149911816578 0.33630303030303027 0.06707760141093475 0.3381146245059289 0.06355026455026455 0.339102766798419 0.057708112874779546 0.3354795783926219 0.05462169312169313 0.33317391304347826 0.05153527336860671 0.3307035573122529
1 0.00012610229276895942 0 0.22411199294532627 0.23969565217391306 0.10418253968253968 0.3299459815546772 0.11652821869488536 0.37078919631093543 0.1107962962962963 0.37013043478260865 0.00012610229276895942 0
1 0.01842416225749559 0.169866930171278 0.03488536155202822 0.3459749670619236 0.09073456790123458 0.3117193675889328 0.01842416225749559 0.169866930171278
1 0.1399700176366843 0.6995111989459816 0.17612522045855378 0.9371040843214755 0.2319753086419753 0.9428129117259553 0.2807698412698412 0.8813293807641633 0.1399700176366843 0.6995111989459816
1 0 0.4360065876152832 0.045026455026455026 0.5572187088274044 0 0.5572187088274044 0 0.4360065876152832