0 0.45605599999999996 0.4217093333333333 0.45005599999999996 0.42593200000000003 0.44538900000000003 0.432376 0.44438900000000003 0.4385986666666667 0.446056 0.4465986666666667 0.45372199999999996 0.457932 0.46105599999999997 0.46304266666666666 0.467389 0.46415466666666666 0.473056 0.46437599999999996 0.477556 0.4585986666666667 0.482556 0.4425986666666667 0.485389 0.4345986666666667 0.484222 0.428376 0.473222 0.4237093333333333 0.468389 0.417932 0.46422199999999997 0.4170426666666666 0.46022199999999996 0.4170426666666666 0.45605599999999996 0.4217093333333333
0 0.340625 0.47054266666666666 0.335375 0.47604266666666667 0.33225 0.47887599999999997 0.329125 0.4817093333333333 0.328875 0.4880426666666666 0.330125 0.495876 0.33425 0.5057093333333333 0.338 0.512876 0.346 0.517876 0.353375 0.5165426666666666 0.359375 0.5115426666666666 0.368375 0.498876 0.3715 0.4905426666666666 0.37125 0.4845426666666666 0.36625 0.4792093333333333 0.363125 0.4732093333333333 0.3585 0.4687093333333333 0.350375 0.46604266666666666 0.34475 0.4672093333333333 0.340625 0.47054266666666666
0 0.280625 0.487876 0.276625 0.49204266666666663 0.2735 0.49620933333333334 0.271375 0.5012093333333333 0.269125 0.505876 0.268375 0.5122093333333333 0.26725 0.5165426666666666 0.26675 0.5210426666666667 0.267625 0.5262093333333333 0.270625 0.531876 0.276375 0.534876 0.281125 0.5342093333333333 0.281125 0.5280426666666667 0.28075 0.519876 0.28275 0.5150426666666666 0.287625 0.5097093333333333 0.2925 0.5067093333333333 0.2995 0.5072093333333333 0.303125 0.5075426666666667 0.305625 0.5005426666666667 0.30675 0.49170933333333333 0.30625 0.4835426666666666 0.29925 0.4832093333333333 0.29075 0.4832093333333333 0.283375 0.483876 0.280625 0.487876
0 0.223521 0.48573733333333335 0.223083 0.48823733333333336 0.221333 0.492404 0.219771 0.4952373333333333 0.21964599999999998 0.49882133333333334 0.219833 0.502904 0.222021 0.5060706666666667 0.227833 0.5072373333333333 0.231958 0.503904 0.234396 0.49757066666666666 0.235146 0.490904 0.232958 0.485904 0.229646 0.4833213333333333 0.224771 0.48357066666666665 0.223521 0.48573733333333335
0 0.184958 0.4251546666666666 0.190542 0.422488 0.197375 0.4238213333333333 0.202458 0.42726533333333333 0.206792 0.43093200000000004 0.213042 0.44004266666666664 0.215458 0.448488 0.215708 0.4567093333333333 0.215708 0.46448799999999996 0.214625 0.46937599999999996 0.210375 0.47315466666666667 0.205458 0.47404266666666667 0.197958 0.4698213333333333 0.18779200000000001 0.457932 0.183792 0.449488 0.182042 0.4415986666666667 0.181042 0.43493200000000004 0.182292 0.429376 0.184958 0.4251546666666666
0 0.113333 0.435376 0.109917 0.4417093333333333 0.11025 0.44515466666666664 0.110917 0.449932 0.113667 0.455932 0.11733299999999999 0.46304266666666666 0.123917 0.46559866666666666 0.128583 0.46337599999999995 0.130417 0.45915466666666666 0.1305 0.45226533333333335 0.127 0.44104266666666664 0.122667 0.43615466666666663 0.11791700000000001 0.435376 0.113333 0.435376
0 0.093417 0.47937599999999997 0.089667 0.4820426666666666 0.08675 0.482488 0.08425 0.4787093333333333 0.081333 0.477932 0.076083 0.4780426666666666 0.072333 0.4807093333333333 0.070833 0.4842653333333333 0.071 0.48782133333333333 0.0715 0.4945986666666667 0.078083 0.506932 0.082333 0.5123759999999999 0.088417 0.5171546666666667 0.096417 0.5175986666666667 0.102333 0.5140426666666666 0.104167 0.5068213333333333 0.10475 0.49670933333333334 0.104167 0.4867093333333333 0.100667 0.4808213333333333 0.096667 0.478932 0.093417 0.47937599999999997
0 0 0.4390986666666667 0.010208 0.4460986666666667 0.023958 0.46076533333333336 0.033208 0.474432 0.033957999999999995 0.49043200000000003 0.033458 0.5027653333333334 0.025457999999999998 0.5157653333333333 0.013958 0.526432 0.002958 0.5327653333333333 0 0.5327653333333333 0 0.4390986666666667
0 0.098958 0.390876 0.104958 0.3952093333333333 0.107958 0.40154266666666666 0.104708 0.40787599999999996 0.098208 0.41087599999999996 0.095208 0.40654266666666666 0.094458 0.39454266666666665 0.095708 0.388876 0.098958 0.390876
0 0.025707999999999998 0.34354266666666666 0.023083 0.34704266666666667 0.023208 0.3512093333333333 0.024332999999999997 0.3560426666666666 0.028957999999999998 0.3605426666666666 0.035457999999999996 0.3610426666666666 0.039708 0.3592093333333333 0.041083 0.3522093333333333 0.038708 0.3457093333333333 0.032708 0.3422093333333333 0.025707999999999998 0.34354266666666666
0 0.057457999999999995 0.2927093333333333 0.053083 0.293876 0.054708 0.30220933333333333 0.056958 0.3115426666666667 0.059708 0.31720933333333334 0.066333 0.3215426666666667 0.075458 0.321876 0.083208 0.3205426666666667 0.088083 0.3070426666666667 0.089583 0.2937093333333333 0.086333 0.287376 0.074208 0.28420933333333337 0.066833 0.28304266666666666 0.062083 0.28454266666666667 0.057457999999999995 0.2927093333333333
0 0.088708 0.21154266666666668 0.088708 0.2190426666666667 0.089833 0.22654266666666667 0.096583 0.23120933333333335 0.103833 0.23254266666666668 0.107208 0.23254266666666668 0.105833 0.23870933333333336 0.108458 0.239876 0.117708 0.238376 0.126708 0.22987600000000002 0.128083 0.22070933333333334 0.127833 0.21154266666666668 0.125708 0.206876 0.113833 0.20620933333333336 0.099958 0.20770933333333336 0.090708 0.20854266666666668 0.088708 0.21154266666666668
0 0.209792 0.09332133333333334 0.202292 0.105988 0.199792 0.12065466666666666 0.199292 0.13332133333333332 0.197542 0.143988 0.193542 0.15032133333333333 0.189292 0.16165466666666667 0.183542 0.17732133333333336 0.181542 0.18898800000000002 0.181042 0.19965466666666667 0.182792 0.210988 0.185042 0.21632133333333337 0.205792 0.1956546666666667 0.220542 0.179988 0.235792 0.15732133333333334 0.240292 0.147988 0.239292 0.11865466666666667 0.234292 0.09765466666666667 0.229292 0.08632133333333333 0.221292 0.084988 0.215292 0.08665466666666667 0.209792 0.09332133333333334
0 0.179792 0.05354266666666666 0.179625 0.058876 0.181125 0.063432 0.185542 0.06532133333333333 0.189292 0.063876 0.189542 0.058098666666666667 0.188375 0.05276533333333333 0.185292 0.050988 0.179792 0.05354266666666666
0 0.148083 0.008709333333333333 0.13825 0.016709333333333333 0.13325 0.024488 0.12825 0.028709333333333333 0.120917 0.025376 0.118083 0.018042666666666665 0.122583 0.008042666666666667 0.12675 0.001376 0.153917 0.00004266666666666667 0.15525 0.0031546666666666667 0.15525 0.006488 0.15125 0.007154666666666666 0.148083 0.008709333333333333
0 0.196583 0.004988 0.197083 0.020821333333333334 0.198833 0.032321333333333334 0.199958 0.03782133333333333 0.204833 0.03765466666666667 0.207958 0.03782133333333333 0.211208 0.041988 0.214708 0.041321333333333335 0.225208 0.03132133333333333 0.231333 0.026654666666666667 0.231458 0.020821333333333334 0.219333 0.009821333333333333 0.209333 0.002488 0.204333 0.000488 0.199958 0.000488 0.198083 0.003488 0.196583 0.004988
0 0.154625 0.38254266666666664 0.154375 0.3962093333333333 0.154875 0.40604266666666666 0.157 0.4210426666666666 0.1605 0.42620933333333333 0.16825 0.4280426666666666 0.181 0.4237093333333333 0.1915 0.4172093333333333 0.1955 0.4072093333333333 0.197375 0.3917093333333333 0.196875 0.3802093333333333 0.187 0.37254266666666663 0.173875 0.36920933333333333 0.16675 0.36854266666666663 0.16125 0.36904266666666663 0.15725 0.377376 0.154625 0.38254266666666664
0 0.14725 0.38904266666666665 0.152125 0.392376 0.1545 0.3947093333333333 0.155375 0.4032093333333333 0.154125 0.40904266666666667 0.151375 0.4142093333333333 0.146375 0.41454266666666667 0.140875 0.40854266666666667 0.13875 0.3992093333333333 0.138375 0.39204266666666665 0.141625 0.3887093333333333 0.14725 0.38904266666666665
0 0.138 0.4860426666666666 0.143875 0.48870933333333333 0.147375 0.494876 0.149375 0.499876 0.149125 0.5040426666666666 0.143 0.5072093333333333 0.134875 0.5075426666666667 0.128625 0.5010426666666666 0.12825 0.49220933333333333 0.132 0.4870426666666666 0.138 0.4860426666666666
0 0.123083 0.5792093333333334 0.123208 0.585376 0.122958 0.593876 0.120958 0.6017093333333333 0.118208 0.605876 0.113458 0.6050426666666666 0.110458 0.5975426666666667 0.110833 0.5887093333333333 0.113583 0.5815426666666667 0.11695799999999999 0.5785426666666666 0.123083 0.5792093333333334
0 0.157333 0.5760426666666666 0.150083 0.5827093333333333 0.147083 0.5885426666666667 0.146583 0.5930426666666666 0.146583 0.597876 0.152083 0.6047093333333333 0.159208 0.610876 0.165708 0.6200426666666666 0.172833 0.6272093333333333 0.176583 0.6252093333333333 0.178708 0.6183759999999999 0.180083 0.6062093333333333 0.179708 0.593376 0.175333 0.5822093333333334 0.170333 0.5765426666666666 0.164708 0.5752093333333334 0.157333 0.5760426666666666
0 0.207958 0.5797093333333333 0.206333 0.586376 0.206458 0.5920426666666666 0.207458 0.5975426666666667 0.206958 0.6012093333333333 0.204333 0.6045426666666667 0.202458 0.6097093333333333 0.202208 0.6157093333333333 0.203458 0.6202093333333333 0.212083 0.6263759999999999 0.221333 0.6282093333333333 0.229083 0.6242093333333333 0.231208 0.6165426666666667 0.230708 0.6080426666666666 0.231958 0.600876 0.23333299999999998 0.595876 0.232708 0.5855426666666667 0.226708 0.578876 0.219708 0.5735426666666666 0.214583 0.5730426666666666 0.209833 0.5760426666666666 0.207958 0.5797093333333333
0 0.196958 0.6392093333333333 0.199708 0.6450426666666667 0.200583 0.653876 0.200083 0.6620426666666667 0.197708 0.6697093333333333 0.193833 0.674376 0.188333 0.6762093333333333 0.180208 0.674876 0.17133299999999999 0.6735426666666666 0.166208 0.6705426666666666 0.163708 0.662876 0.166708 0.655376 0.171458 0.6535426666666666 0.176208 0.653376 0.177833 0.6450426666666667 0.181583 0.6383759999999999 0.188708 0.632876 0.193583 0.633876 0.196958 0.636876 0.196958 0.6392093333333333
0 0.224708 0.699876 0.225333 0.7092093333333334 0.222958 0.7177093333333334 0.220458 0.7257093333333334 0.214958 0.7268760000000001 0.206333 0.727376 0.199958 0.7242093333333334 0.199458 0.7187093333333334 0.201083 0.7142093333333334 0.198708 0.7090426666666667 0.199458 0.7040426666666667 0.201958 0.6975426666666668 0.205958 0.6940426666666667 0.214458 0.6935426666666668 0.220458 0.692876 0.224583 0.6972093333333333 0.224708 0.699876
0 0.26070800000000005 0.7037093333333334 0.255083 0.7107093333333334 0.253833 0.7200426666666667 0.253583 0.7272093333333334 0.255583 0.7352093333333334 0.26033300000000004 0.7418760000000001 0.26733300000000004 0.7477093333333333 0.275708 0.749376 0.28308300000000003 0.7428760000000001 0.28558300000000003 0.7340426666666667 0.28708300000000003 0.719376 0.28408300000000003 0.7100426666666667 0.277583 0.7000426666666667 0.272083 0.6980426666666667 0.265083 0.699376 0.26070800000000005 0.7037093333333334
0 0.123458 0.666376 0.126333 0.6747093333333333 0.125583 0.684876 0.124333 0.6953760000000001 0.121083 0.7012093333333334 0.11683299999999999 0.7038760000000001 0.109583 0.7012093333333334 0.104458 0.6977093333333334 0.098583 0.6970426666666667 0.092708 0.695876 0.089333 0.6925426666666668 0.089458 0.6840426666666667 0.091708 0.6758759999999999 0.097208 0.6715426666666666 0.102958 0.671376 0.108458 0.6667093333333333 0.112458 0.662376 0.119458 0.6625426666666666 0.123458 0.666376
0 0.158208 0.7940426666666667 0.158958 0.8022093333333334 0.158208 0.8077093333333334 0.15570799999999999 0.8145426666666667 0.152833 0.818876 0.145958 0.8127093333333334 0.141583 0.804876 0.139458 0.7973760000000001 0.142458 0.7917093333333334 0.149833 0.7883760000000001 0.15545799999999999 0.788876 0.157958 0.7905426666666667 0.158208 0.7940426666666667
0 0.103708 0.7665426666666667 0.111208 0.7715426666666667 0.11608299999999999 0.7753760000000001 0.117833 0.7805426666666667 0.118208 0.7873760000000001 0.11670799999999999 0.7940426666666667 0.111833 0.7980426666666667 0.105583 0.800876 0.099333 0.800876 0.096333 0.7900426666666667 0.095833 0.7802093333333334 0.098458 0.7720426666666668 0.10033299999999999 0.7680426666666668 0.103708 0.7665426666666667
0 0.097708 0.8674879999999999 0.103875 0.8757093333333333 0.106708 0.8848213333333333 0.106708 0.8952653333333332 0.103042 0.901488 0.094542 0.9023760000000001 0.089375 0.8968213333333334 0.083875 0.8868213333333334 0.085042 0.8768213333333333 0.089375 0.8692653333333332 0.095708 0.8668213333333333 0.097708 0.8674879999999999
0 0 0.9252653333333333 0.003375 0.9328213333333333 0.006042 0.945488 0.006542 0.9570426666666667 0.004208 0.967488 0 0.9728213333333333 0 0.9252653333333333
0 0.185458 0.9253760000000001 0.188625 0.9322653333333333 0.191458 0.9422653333333333 0.198125 0.9473760000000001 0.202958 0.9458213333333333 0.206125 0.9342653333333333 0.205292 0.924488 0.201458 0.9173760000000001 0.193958 0.916488 0.187625 0.9195986666666666 0.185458 0.9253760000000001
0 0.173292 0.966488 0.175792 0.9735986666666666 0.172792 0.9795986666666666 0.168958 0.9829319999999999 0.163458 0.980488 0.158792 0.9738213333333333 0.159458 0.9667093333333334 0.161458 0.9602653333333333 0.166625 0.9600426666666667 0.170958 0.9607093333333334 0.173292 0.966488
0 0.210292 0.9827093333333334 0.223125 0.9809319999999999 0.229958 0.9815986666666666 0.234958 0.986488 0.234958 0.991376 0.233625 0.9984879999999999 0.233125 1 0.210625 1 0.207625 0.9907093333333333 0.210292 0.9827093333333334
0 0.266708 0.8185986666666666 0.273208 0.8248213333333333 0.277208 0.8337093333333334 0.283875 0.8461546666666666 0.283708 0.8550426666666667 0.27904199999999996 0.8605986666666666 0.27154199999999995 0.8697093333333333 0.260542 0.8737093333333333 0.251208 0.8677093333333333 0.243875 0.860376 0.241875 0.8499319999999999 0.240708 0.8448213333333333 0.242542 0.836376 0.250875 0.8268213333333333 0.256542 0.8201546666666667 0.26320800000000005 0.817488 0.266708 0.8185986666666666
0 0.423042 0.729488 0.429042 0.7392653333333332 0.430375 0.7510426666666667 0.42970800000000003 0.7617093333333333 0.426375 0.7705986666666667 0.421542 0.7797093333333334 0.411708 0.7803760000000001 0.40304199999999996 0.7772653333333333 0.396708 0.7685986666666667 0.391042 0.7683760000000001 0.386375 0.7614879999999999 0.386375 0.7528213333333333 0.390375 0.7412653333333332 0.39904199999999995 0.7328213333333333 0.40604199999999996 0.7265986666666666 0.416375 0.7265986666666666 0.423042 0.729488
0 0.43370800000000004 0.6781546666666667 0.43270800000000004 0.6892653333333333 0.43470800000000004 0.6988213333333333 0.44020800000000004 0.712376 0.448042 0.7181546666666666 0.46254199999999995 0.7208213333333333 0.467208 0.7145986666666666 0.471208 0.7048213333333333 0.470708 0.6912653333333333 0.465708 0.680376 0.456375 0.6721546666666667 0.44720800000000005 0.667932 0.44120800000000004 0.6690426666666667 0.43370800000000004 0.6781546666666667
0 0.46404199999999995 0.6212653333333333 0.465375 0.6325986666666666 0.47004199999999996 0.6439320000000001 0.47904199999999997 0.6532653333333334 0.490042 0.6588213333333333 0.5065419999999999 0.6539320000000001 0.514875 0.6472653333333334 0.517208 0.637932 0.519375 0.6223759999999999 0.517208 0.611488 0.508875 0.6101546666666666 0.496875 0.6125986666666667 0.488875 0.6174879999999999 0.478375 0.6205986666666666 0.46904199999999996 0.6210426666666666 0.46404199999999995 0.6212653333333333
0 0.417708 0.5885986666666667 0.414875 0.6008213333333333 0.408708 0.6150426666666666 0.402375 0.6272653333333333 0.39754199999999995 0.6357093333333333 0.391208 0.6450426666666667 0.37320800000000004 0.6592653333333334 0.369042 0.6648213333333333 0.362542 0.6757093333333333 0.356375 0.683932 0.34904199999999996 0.6912653333333333 0.34254199999999996 0.6952653333333333 0.333375 0.700376 0.324042 0.699488 0.313375 0.677932 0.30620800000000004 0.6581546666666667 0.296542 0.640376 0.291375 0.625932 0.288375 0.6110426666666666 0.292708 0.599488 0.304042 0.5881546666666666 0.317542 0.580376 0.333875 0.575932 0.35704199999999997 0.573488 0.38020800000000005 0.5697093333333333 0.404375 0.5697093333333333 0.41754199999999997 0.575932 0.417708 0.5885986666666667
0 0.265375 0.2485986666666667 0.26270800000000005 0.266376 0.262375 0.286376 0.266375 0.3045986666666667 0.273375 0.3205986666666667 0.262042 0.33482133333333336 0.237708 0.34548799999999996 0.222042 0.34059866666666666 0.210375 0.32726533333333335 0.210375 0.30770933333333333 0.213708 0.281932 0.221042 0.25926533333333335 0.235042 0.245932 0.246708 0.24015466666666668 0.261042 0.24370933333333336 0.265375 0.2485986666666667
0 0.309375 0.20970933333333336 0.309375 0.22237600000000002 0.311875 0.234376 0.31970800000000005 0.24259866666666668 0.329875 0.2501546666666667 0.338375 0.2565986666666667 0.345875 0.25082133333333334 0.352875 0.23859866666666668 0.350708 0.22704266666666667 0.339875 0.20970933333333336 0.332375 0.19926533333333335 0.323542 0.19437600000000002 0.313875 0.19926533333333335 0.309375 0.20970933333333336
0 0.38870800000000005 0.18015466666666669 0.384375 0.1910426666666667 0.383542 0.19815466666666667 0.382042 0.20704266666666668 0.387542 0.22148800000000002 0.39254199999999995 0.23482133333333335 0.395208 0.24215466666666668 0.406208 0.23970933333333336 0.417708 0.22970933333333335 0.422542 0.2145986666666667 0.423375 0.19615466666666667 0.422208 0.184376 0.415208 0.18082133333333336 0.397708 0.18170933333333333 0.38870800000000005 0.18015466666666669
0 0.41954199999999997 0.257488 0.414875 0.267932 0.415375 0.27815466666666666 0.41554199999999997 0.287932 0.417708 0.2950426666666667 0.42570800000000003 0.29593200000000003 0.436875 0.29593200000000003 0.44520800000000005 0.2952653333333333 0.452375 0.28504266666666667 0.45404199999999995 0.27615466666666666 0.453375 0.25726533333333335 0.44520800000000005 0.2470426666666667 0.43370800000000004 0.24682133333333336 0.425375 0.24993200000000002 0.41954199999999997 0.257488
0 0.5105419999999999 0.21748800000000001 0.499375 0.22882133333333335 0.491875 0.241488 0.488542 0.25282133333333334 0.486875 0.259488 0.488875 0.2661546666666667 0.498542 0.27459866666666666 0.503875 0.283932 0.510708 0.28904266666666667 0.514542 0.28259866666666666 0.517875 0.27082133333333336 0.525042 0.2645986666666667 0.528875 0.256376 0.529708 0.245488 0.5375420000000001 0.23682133333333336 0.540708 0.22815466666666667 0.536708 0.21970933333333334 0.526875 0.2150426666666667 0.5165420000000001 0.2150426666666667 0.5105419999999999 0.21748800000000001
0 0.48054199999999997 0.30437600000000004 0.481708 0.3150426666666667 0.482875 0.323488 0.48204199999999997 0.3285986666666667 0.471208 0.33570933333333336 0.463875 0.33904266666666666 0.459375 0.33726533333333336 0.454708 0.328376 0.459708 0.3210426666666667 0.463875 0.31148800000000004 0.467875 0.30548800000000004 0.47854199999999997 0.3030426666666667 0.48054199999999997 0.30437600000000004
0 0.563708 0.28704266666666667 0.550875 0.29015466666666667 0.540708 0.2957093333333333 0.532708 0.3030426666666667 0.5305420000000001 0.30726533333333333 0.5305420000000001 0.3161546666666667 0.536375 0.3245986666666667 0.544208 0.33326533333333336 0.554708 0.33482133333333336 0.569875 0.3341546666666667 0.577542 0.328376 0.582708 0.317488 0.582875 0.3010426666666667 0.579542 0.2912653333333334 0.573542 0.28704266666666667 0.563708 0.28704266666666667
0 0.590875 0.339932 0.577708 0.349932 0.576042 0.3572653333333333 0.5732079999999999 0.36682133333333333 0.574542 0.37815466666666664 0.579875 0.3897093333333333 0.587875 0.3937093333333333 0.595875 0.39415466666666665 0.607875 0.387932 0.613875 0.38215466666666664 0.619875 0.37104266666666663 0.623875 0.3612653333333333 0.620542 0.347932 0.6117079999999999 0.337932 0.601208 0.33526533333333336 0.590875 0.339932
0 0.623375 0.6999319999999999 0.615125 0.7102653333333333 0.615375 0.7299319999999999 0.623875 0.7519319999999999 0.646125 0.7539319999999999 0.661125 0.7505986666666666 0.674375 0.7352653333333333 0.669875 0.7082653333333333 0.657125 0.696932 0.641375 0.6932653333333333 0.623375 0.6999319999999999
0 0.792208 0.642488 0.780458 0.6521546666666667 0.775208 0.6628213333333333 0.773208 0.686488 0.776208 0.703488 0.782208 0.7228213333333333 0.798458 0.7321546666666666 0.803708 0.7368213333333333 0.809458 0.7501546666666666 0.816708 0.7561546666666666 0.821708 0.7464879999999999 0.828958 0.712488 0.837958 0.6918213333333333 0.843208 0.6641546666666667 0.844708 0.644488 0.831708 0.6191546666666666 0.814458 0.6111546666666666 0.805958 0.6131546666666666 0.805458 0.6274879999999999 0.800958 0.6388213333333334 0.792208 0.642488
0 0.43127699999999997 0.8025986666666666 0.42927699999999996 0.8128213333333333 0.42727699999999996 0.8221546666666667 0.42694299999999996 0.8312653333333333 0.43577699999999997 0.8461546666666666 0.452943 0.8485986666666666 0.463943 0.8481546666666666 0.46911 0.8399319999999999 0.469443 0.826376 0.468777 0.8143760000000001 0.46411 0.8070426666666667 0.45661 0.8070426666666667 0.440277 0.8028213333333333 0.43494299999999997 0.8008213333333333 0.43127699999999997 0.8025986666666666
0 0.463443 0.8897093333333334 0.46061 0.8977093333333334 0.460943 0.9037093333333334 0.462277 0.911932 0.466443 0.9232653333333333 0.47461000000000003 0.9297093333333334 0.482943 0.9332653333333333 0.49694299999999997 0.933488 0.502777 0.9243760000000001 0.503443 0.9125986666666666 0.503777 0.8977093333333334 0.48761 0.8830426666666668 0.474277 0.8808213333333333 0.468943 0.8814879999999999 0.463443 0.8897093333333334
0 0.522277 0.9768213333333333 0.517777 0.9825986666666666 0.516777 0.9892653333333332 0.51811 0.9965986666666666 0.522777 1 0.53411 1 0.537443 0.9917093333333333 0.5337770000000001 0.9801546666666666 0.52861 0.973488 0.522277 0.9768213333333333
0 0.664277 0.9390426666666667 0.65961 0.9510426666666667 0.65961 0.9632653333333333 0.661277 0.9759319999999999 0.6677770000000001 0.9848213333333333 0.675277 0.9954879999999999 0.6867770000000001 0.9988213333333333 0.703277 0.9945986666666666 0.708777 0.980376 0.7084429999999999 0.9617093333333334 0.70411 0.9465986666666666 0.6946100000000001 0.935932 0.68361 0.9317093333333334 0.674277 0.9321546666666667 0.664277 0.9390426666666667
0 0.850527 0.47304266666666667 0.844277 0.494376 0.840777 0.5137093333333334 0.838277 0.5260426666666667 0.834277 0.5437093333333333 0.8267770000000001 0.549376 0.814277 0.5437093333333333 0.803527 0.5307093333333333 0.7915270000000001 0.5157093333333334 0.8057770000000001 0.49270933333333333 0.8187770000000001 0.47504266666666667 0.836777 0.4657093333333333 0.842777 0.4637093333333333 0.8472770000000001 0.4657093333333333 0.850527 0.47304266666666667
0 0.6727770000000001 0.4757093333333333 0.664277 0.4847093333333333 0.655277 0.49570933333333334 0.655027 0.5077093333333333 0.6545270000000001 0.519376 0.6617770000000001 0.5317093333333333 0.674277 0.5420426666666667 0.6887770000000001 0.5487093333333333 0.707777 0.547376 0.724777 0.5440426666666667 0.736777 0.5350426666666667 0.743777 0.5177093333333334 0.745027 0.5017093333333333 0.735777 0.4850426666666666 0.709777 0.4687093333333333 0.6907770000000001 0.46737599999999996 0.6727770000000001 0.4757093333333333
0 0.288902 0.06876533333333333 0.28865199999999996 0.078432 0.291277 0.08976533333333334 0.29315199999999997 0.09676533333333333 0.29665199999999997 0.10409866666666666 0.302902 0.110432 0.31077699999999997 0.107932 0.31790199999999996 0.09976533333333333 0.32290199999999997 0.091932 0.32640199999999997 0.08143199999999999 0.32890199999999997 0.072932 0.32040199999999996 0.06109866666666666 0.308652 0.05209866666666666 0.299527 0.05309866666666666 0.291902 0.06109866666666666 0.288902 0.06876533333333333
0 0.392152 0.017432 0.39702699999999996 0.026765333333333335 0.399777 0.03826533333333334 0.40052699999999997 0.049098666666666665 0.401152 0.061432 0.400902 0.073432 0.397277 0.08459866666666667 0.39090199999999997 0.09276533333333332 0.381652 0.100932 0.373402 0.10309866666666666 0.360902 0.09976533333333333 0.353902 0.09109866666666666 0.35115199999999996 0.08243199999999999 0.349777 0.06776533333333333 0.350527 0.05276533333333333 0.35165199999999996 0.04059866666666667 0.358402 0.025765333333333335 0.367527 0.015598666666666667 0.373902 0.010765333333333333 0.38140199999999996 0.010765333333333333 0.389527 0.014098666666666666 0.392152 0.017432
0 0.413027 0.00009866666666666666 0.40502699999999997 0.008432 0.401652 0.017432 0.400652 0.025765333333333335 0.401152 0.036932 0.40352699999999997 0.049598666666666666 0.407527 0.065432 0.411777 0.078932 0.41765199999999997 0.08426533333333333 0.425027 0.084932 0.431027 0.08076533333333333 0.438902 0.07409866666666666 0.444527 0.068932 0.449527 0.06776533333333333 0.45552699999999996 0.06859866666666667 0.46302699999999997 0.07159866666666666 0.46702699999999997 0.07109866666666666 0.473277 0.070932 0.480777 0.07609866666666666 0.486402 0.07909866666666666 0.494027 0.077932 0.49777699999999997 0.073432 0.500777 0.06693199999999999 0.501527 0.058432 0.499027 0.050932 0.492027 0.04359866666666667 0.48977699999999996 0.035765333333333336 0.487152 0.020932 0.484027 0.010098666666666667 0.47815199999999997 0.0009319999999999999 0.476402 0 0.413027 0.00009866666666666666
0 0.603402 0.20659866666666668 0.591735 0.214376 0.579568 0.22882133333333335 0.576235 0.23904266666666668 0.5754020000000001 0.247932 0.577735 0.25326533333333334 0.588735 0.255488 0.5960679999999999 0.260376 0.603568 0.267488 0.610568 0.2630426666666667 0.615568 0.253932 0.622235 0.25126533333333334 0.631735 0.247488 0.632735 0.241932 0.630735 0.23015466666666667 0.635235 0.21682133333333334 0.6399020000000001 0.20504266666666668 0.640068 0.19548800000000002 0.633235 0.19326533333333334 0.619402 0.19548800000000002 0.6109020000000001 0.20082133333333335 0.603402 0.20659866666666668
0 0.734402 0.05904266666666666 0.740735 0.06304266666666666 0.746235 0.07015466666666667 0.747568 0.07926533333333333 0.7399020000000001 0.09837599999999999 0.732902 0.11393199999999999 0.723735 0.12015466666666666 0.710068 0.11815466666666667 0.701735 0.10682133333333334 0.698068 0.09259866666666666 0.701235 0.07682133333333334 0.709568 0.06459866666666667 0.720568 0.057932 0.734402 0.05904266666666666
0 0.745402 0 0.747068 0.011932 0.755402 0.025042666666666668 0.764735 0.029932000000000004 0.775402 0.034821333333333336 0.789402 0.035932000000000006 0.7965679999999999 0.027488 0.798735 0.018376 0.796735 0.003488 0.796068 0 0.745402 0
0 0.7639020000000001 0.271932 0.7476520000000001 0.28226533333333337 0.742152 0.293932 0.7476520000000001 0.3055986666666667 0.759402 0.3075986666666667 0.770402 0.3015986666666667 0.7781520000000001 0.290932 0.777402 0.27759866666666666 0.776652 0.2675986666666667 0.767652 0.26826533333333336 0.7639020000000001 0.271932
0 0.806902 0.318932 0.799652 0.34559866666666667 0.8004020000000001 0.3575986666666667 0.800902 0.37193200000000004 0.8114020000000001 0.38826533333333335 0.820902 0.40059866666666666 0.8326520000000001 0.407932 0.8456520000000001 0.40526533333333337 0.848402 0.3925986666666667 0.848402 0.3615986666666667 0.8434020000000001 0.327932 0.8324020000000001 0.3095986666666667 0.821902 0.3075986666666667 0.8091520000000001 0.314932 0.806902 0.318932
1 0.105904 0.023114666666666665 0.103654 0.1761146666666667 0.107904 0.17878133333333335 0.201404 0.05111466666666666 0.166404 0 0.116654 0 0.105904 0.023114666666666665