0 0.02277638888888889 0.4480794444444445 0.015831944444444444 0.4505794444444444 0.014443055555555554 0.45548666666666665 0.015831944444444444 0.4603938888888889 0.020809027777777777 0.46428277777777777 0.024049305555555556 0.4649311111111111 0.027406250000000004 0.45835722222222225 0.02844791666666667 0.4523383333333333 0.026595833333333336 0.44854222222222223 0.02277638888888889 0.4480794444444445
0 0.04372569444444445 0.4578938888888889 0.03932708333333333 0.46030166666666666 0.03712847222222222 0.4635422222222222 0.036202083333333336 0.4669683333333333 0.03828541666666667 0.47039388888888883 0.04152638888888889 0.4740977777777778 0.04488263888888889 0.4759494444444444 0.04708194444444445 0.4764127777777778 0.04870208333333333 0.4715977777777778 0.05032291666666667 0.4665977777777778 0.04962847222222223 0.4633572222222222 0.047545138888888894 0.45909777777777777 0.04511458333333333 0.4575238888888889 0.04372569444444445 0.4578938888888889
0 0.004489583333333333 0.4372461111111111 0.006804166666666667 0.44039388888888886 0.008077083333333334 0.44298666666666664 0.007845833333333333 0.44604222222222223 0.007961805555555555 0.44946833333333336 0.009813194444444444 0.45196833333333336 0.009581944444444445 0.45409777777777777 0.006572916666666666 0.4545605555555555 0.004257638888888889 0.4575238888888889 0.0027534722222222223 0.4587272222222222 0 0.45835722222222225 0 0.4391905555555556 0.0017118055555555554 0.43696833333333335 0.004489583333333333 0.4372461111111111
0 0.05854027777777778 0.4135422222222222 0.05506805555555556 0.4167827777777777 0.05286875 0.41900499999999996 0.04985972222222222 0.41807944444444445 0.046734722222222226 0.41789388888888884 0.04048472222222222 0.4196533333333333 0.03863263888888889 0.42307944444444445 0.03805416666666667 0.4278016666666667 0.03840138888888889 0.4326161111111111 0.039906250000000004 0.4381716666666666 0.04314652777777778 0.44307944444444447 0.04708194444444445 0.44882 0.04847083333333334 0.45178277777777776 0.05171180555555556 0.4539127777777778 0.05865625 0.4530794444444444 0.06328541666666666 0.44946833333333336 0.06490625 0.44548666666666664 0.06536875 0.4376161111111111 0.06479027777777778 0.423635 0.06293819444444444 0.4160422222222222 0.06039236111111111 0.4134494444444444 0.05854027777777778 0.4135422222222222
0 0.041757638888888886 0.4187272222222222 0.03435069444444445 0.41456055555555554 0.028910416666666668 0.41381999999999997 0.027753472222222225 0.4108572222222222 0.02624861111111111 0.4085422222222222 0.02277638888888889 0.40761611111111107 0.01988263888888889 0.4084494444444444 0.018262499999999997 0.4108572222222222 0.019072916666666665 0.4149311111111111 0.022197916666666668 0.41956055555555555 0.024628472222222225 0.426135 0.026827083333333335 0.4331716666666666 0.030299305555555555 0.43715333333333334 0.03550763888888889 0.4400238888888889 0.042104861111111114 0.44020888888888887 0.039211805555555555 0.436505 0.03782291666666667 0.42891277777777775 0.03817013888888889 0.4239127777777778 0.041757638888888886 0.4187272222222222
0 0.08492916666666667 0.31326444444444446 0.08770694444444445 0.3195605555555555 0.09094791666666667 0.3277088888888889 0.09071597222222222 0.333635 0.08793819444444445 0.3382644444444444 0.09094791666666667 0.3423383333333333 0.09789236111111112 0.3423383333333333 0.10437361111111111 0.33937555555555554 0.10992916666666666 0.33956055555555553 0.11548472222222222 0.34178277777777777 0.11733680555555556 0.34789388888888884 0.11641041666666667 0.3551161111111111 0.10992916666666666 0.3641905555555556 0.10205902777777778 0.3706716666666666 0.0932625 0.37215333333333334 0.08053125 0.35882 0.07312361111111111 0.35048666666666667 0.07150347222222223 0.3358566666666667 0.07381805555555555 0.32585722222222224 0.07543819444444444 0.31882 0.07659583333333334 0.313635 0.08492916666666667 0.31326444444444446
0 0.18724375 0.34030166666666667 0.18747569444444442 0.3453016666666667 0.18192013888888886 0.3503016666666667 0.17497569444444444 0.3549311111111111 0.16918819444444444 0.3512272222222222 0.16617916666666666 0.3460422222222222 0.17011458333333335 0.3432644444444444 0.18006805555555555 0.3408572222222222 0.18724375 0.34030166666666667
0 0.15090138888888888 0.3751161111111111 0.13886458333333335 0.38196833333333335 0.1342347222222222 0.388635 0.1337715277777778 0.39511611111111106 0.13886458333333335 0.40178277777777777 0.1448826388888889 0.40437555555555554 0.15830902777777778 0.40178277777777777 0.16386458333333334 0.39585722222222225 0.1631701388888889 0.38696833333333336 0.15761458333333334 0.37678277777777774 0.15090138888888888 0.3751161111111111
0 0.12161875 0.6031255555555556 0.12491736111111111 0.6072922222222222 0.12647986111111112 0.6121533333333333 0.12821597222222222 0.6171533333333333 0.12786875 0.6214588888888889 0.12370208333333334 0.6247922222222222 0.11779930555555555 0.6254866666666666 0.11120208333333334 0.6235422222222222 0.10703541666666666 0.6190977777777777 0.10425763888888889 0.6131255555555556 0.10547291666666667 0.6096533333333333 0.11068125 0.6072922222222222 0.12161875 0.6031255555555556
0 0.05391041666666667 0.6359033333333333 0.051653472222222226 0.6381255555555555 0.05095902777777778 0.6410422222222222 0.05425763888888889 0.6427088888888889 0.05877152777777778 0.6440977777777778 0.06207013888888889 0.6424311111111111 0.0639798611111111 0.6386811111111111 0.06224375 0.6368755555555555 0.05634097222222222 0.6353477777777777 0.05391041666666667 0.6359033333333333
0 0.10720902777777777 0.6522922222222222 0.10234791666666666 0.6543755555555555 0.10217430555555555 0.6574311111111111 0.10373680555555556 0.6614588888888889 0.10755625 0.6631255555555555 0.11120208333333334 0.6647922222222222 0.11120208333333334 0.6592366666666667 0.11033402777777777 0.6539588888888889 0.10720902777777777 0.6522922222222222
0 0.016352777777777775 0.8357644444444444 0.012533333333333332 0.8378477777777777 0.012533333333333332 0.841181111111111 0.013574999999999999 0.8445144444444445 0.01739444444444444 0.8471533333333333 0.026422222222222222 0.8470144444444444 0.03458194444444444 0.8459033333333333 0.03979027777777778 0.8442366666666666 0.04135277777777778 0.8404866666666666 0.04135277777777778 0.8352088888888889 0.036318055555555555 0.8356255555555555 0.02416527777777778 0.8352088888888889 0.016352777777777775 0.8357644444444444
0 0.30367916666666667 0.831505 0.30506805555555555 0.836135 0.31178125 0.8392827777777778 0.3143270833333333 0.8428016666666666 0.3177993055555555 0.8440977777777777 0.32381805555555554 0.8470605555555556 0.33029930555555553 0.8450238888888888 0.3356236111111111 0.8444683333333333 0.3446513888888889 0.8440977777777777 0.34997569444444443 0.8433572222222222 0.3495125 0.8383572222222222 0.34349375 0.8344683333333333 0.33678125 0.831505 0.32752152777777777 0.8305794444444444 0.31594791666666666 0.8302088888888889 0.3094659722222222 0.8287272222222223 0.30367916666666667 0.831505
0 0.3634013888888889 0.8009494444444445 0.3564569444444444 0.8050238888888889 0.3564569444444444 0.8092827777777778 0.3599291666666667 0.8131716666666667 0.3645590277777778 0.8155794444444444 0.36918819444444445 0.8129866666666666 0.37266041666666666 0.8074311111111111 0.3738180555555556 0.8044683333333332 0.36710486111111107 0.8029866666666666 0.3634013888888889 0.8009494444444445
0 0.29216319444444444 0.9449544444444444 0.28863263888888885 0.9482411111111111 0.28909583333333333 0.9512505555555555 0.28990625 0.955695 0.2932625 0.958195 0.2966770833333333 0.9587505555555556 0.30113263888888886 0.9580561111111111 0.30645694444444443 0.9570838888888888 0.3101027777777778 0.9549544444444444 0.31178125 0.9523155555555555 0.31045 0.9498155555555555 0.30512569444444443 0.9473616666666667 0.29627152777777777 0.9450933333333332 0.29216319444444444 0.9449544444444444
0 0.28869097222222223 0.91926 0.2906006944444444 0.9168988888888888 0.29418819444444444 0.9159727777777777 0.29974375 0.9162505555555556 0.30564652777777773 0.9176855555555556 0.3090034722222222 0.9200933333333333 0.3112020833333333 0.9232411111111112 0.31126041666666665 0.9256022222222222 0.3087715277777778 0.9280561111111111 0.3043736111111111 0.9295377777777777 0.2988180555555556 0.9287044444444443 0.29291527777777776 0.9260655555555555 0.28909583333333333 0.9216672222222222 0.28869097222222223 0.91926
0 0.3987020833333333 1 0.3990493055555555 0.99338 0.4012486111111111 0.9910655555555555 0.4063409722222222 0.9911577777777778 0.4123597222222222 0.9921766666666666 0.41698958333333336 0.9943061111111111 0.4206930555555556 0.9969911111111112 0.41965138888888887 1 0.3987020833333333 1
0 0.29505972222222226 0.6668211111111111 0.2957541666666667 0.6784877777777778 0.2945965277777778 0.6923766666666666 0.2920506944444444 0.7029322222222222 0.2864951388888889 0.7112655555555556 0.2772354166666667 0.7231172222222223 0.2689020833333333 0.7292283333333334 0.26751319444444444 0.7364505555555556 0.2707541666666667 0.7436727777777778 0.28001319444444445 0.7516355555555555 0.2915875 0.7586727777777779 0.3114951388888889 0.7651544444444445 0.33487430555555553 0.7662655555555555 0.35686527777777777 0.7620061111111112 0.37330069444444447 0.75571 0.3922819444444444 0.7414505555555556 0.4050131944444445 0.7244133333333334 0.40825416666666664 0.7140433333333334 0.4087173611111111 0.6942283333333333 0.3994576388888889 0.675895 0.38464305555555556 0.6642283333333334 0.36195763888888893 0.65571 0.3404298611111111 0.6523766666666667 0.31820763888888887 0.6518211111111111 0.30478194444444445 0.6533022222222222 0.2955229166666667 0.6566355555555555 0.29505972222222226 0.6668211111111111
0 0.7304187500000001 0.6714966666666666 0.7337173611111112 0.6770522222222222 0.7406618055555556 0.6839966666666667 0.7519465277777778 0.6901077777777778 0.7618423611111111 0.6944133333333333 0.7649673611111112 0.6981633333333334 0.7658354166666668 0.7016355555555556 0.761495138888889 0.7087188888888889 0.7507312500000001 0.7160799999999999 0.7392729166666667 0.72358 0.7217381944444445 0.7319133333333333 0.6981270833333333 0.7370522222222222 0.67729375 0.7374688888888888 0.6512520833333333 0.7296911111111111 0.6325020833333334 0.7170522222222222 0.6265993055555555 0.7069133333333333 0.6234743055555556 0.6959411111111111 0.6229534722222222 0.6837188888888889 0.6264256944444444 0.6720522222222222 0.6331965277777778 0.66233 0.6411826388888889 0.6541355555555556 0.6602798611111111 0.6437188888888888 0.6746895833333333 0.6396911111111111 0.6868423611111111 0.6374688888888889 0.7019465277777778 0.6374688888888889 0.7097590277777778 0.6389966666666667 0.7158354166666667 0.6414966666666666 0.720870138888889 0.6467744444444444 0.7215645833333334 0.6552466666666666 0.7243423611111112 0.663441111111111 0.7304187500000001 0.6714966666666666
0 0.4441340277777778 0.6903394444444445 0.4441340277777778 0.6930244444444444 0.44181875000000004 0.6953394444444445 0.44008263888888893 0.6983022222222222 0.4399673611111111 0.7017283333333334 0.4445965277777778 0.7052466666666667 0.45038402777777775 0.7076544444444445 0.45570763888888893 0.7092283333333333 0.46033749999999996 0.7048766666666667 0.46288402777777776 0.7023766666666666 0.46323125 0.6984877777777778 0.4654298611111111 0.6976544444444445 0.46681875000000006 0.69571 0.4669347222222222 0.6931172222222223 0.4631152777777778 0.69108 0.4566340277777778 0.6899688888888889 0.4510784722222222 0.6898766666666667 0.4441340277777778 0.6903394444444445
0 0.49968958333333335 0.6939505555555556 0.4934395833333333 0.6980244444444444 0.4917034722222222 0.7004322222222222 0.49413402777777776 0.70321 0.49887916666666665 0.7061727777777779 0.5017729166666667 0.7093211111111111 0.5042034722222222 0.7112655555555556 0.5102215277777779 0.7114505555555556 0.5157770833333334 0.710895 0.5197125 0.7053394444444445 0.5223743055555556 0.7017283333333334 0.5228375 0.6976544444444445 0.5197125 0.6929322222222223 0.5157770833333334 0.6916355555555556 0.5094118055555555 0.6920061111111112 0.49968958333333335 0.6939505555555556
0 0.4220270833333334 0.6533950000000001 0.4178604166666667 0.6571911111111111 0.4164715277777778 0.6619133333333334 0.41774513888888887 0.6653394444444445 0.4209854166666667 0.6683950000000001 0.42503680555555556 0.6688577777777778 0.4302451388888889 0.6700616666666668 0.4342958333333333 0.6692283333333334 0.43950416666666664 0.6645988888888889 0.44448125 0.6621911111111111 0.4459854166666667 0.65821 0.44205069444444445 0.6538577777777778 0.4362631944444445 0.6525616666666667 0.43163402777777776 0.6512655555555555 0.4253840277777778 0.6514505555555556 0.4220270833333334 0.6533950000000001
0 0.5222590277777778 0.6054783333333333 0.4967958333333333 0.65196 0.4967958333333333 0.6552933333333334 0.5000368055555555 0.6589966666666667 0.50698125 0.6564044444444445 0.51948125 0.6480711111111112 0.5502680555555556 0.6193672222222223 0.5454069444444444 0.6156633333333333 0.5222590277777778 0.6054783333333333
0 0.5410090277777778 0.65321 0.5317493055555556 0.6617283333333334 0.5309395833333334 0.6646911111111111 0.5315180555555555 0.6730244444444444 0.5323284722222222 0.67571 0.5375368055555556 0.6761727777777778 0.5454069444444444 0.6736727777777778 0.5493423611111111 0.6680244444444444 0.5513097222222222 0.6614505555555557 0.5510784722222222 0.6561727777777778 0.5441340277777778 0.652191111111111 0.5410090277777778 0.65321
0 0.5229534722222222 0.7677933333333333 0.5197125 0.7711266666666666 0.5198284722222222 0.7768672222222223 0.51994375 0.7809411111111111 0.5267729166666667 0.7827005555555556 0.5282770833333333 0.7839966666666667 0.5323284722222222 0.784645 0.5414715277777779 0.7815894444444444 0.5434395833333333 0.7764044444444445 0.5430923611111111 0.7707561111111112 0.5377680555555555 0.7674227777777778 0.5286243055555556 0.7667744444444444 0.5229534722222222 0.7677933333333333
0 0.5529298611111112 0.7862188888888889 0.5411243055555556 0.7971450000000001 0.5399673611111111 0.7993672222222222 0.5411243055555556 0.80233 0.5814020833333333 0.8307561111111111 0.5860319444444444 0.8308488888888889 0.5948284722222222 0.8145522222222222 0.59494375 0.8007561111111112 0.5529298611111112 0.7862188888888889
0 0.5625944444444444 0.84152 0.558775 0.8425616666666668 0.5555631944444445 0.8446450000000001 0.5528722222222222 0.8481172222222223 0.5529590277777777 0.851658888888889 0.5553027777777777 0.8558950000000001 0.5612055555555555 0.8562422222222222 0.565025 0.8570755555555556 0.5710145833333333 0.856658888888889 0.5779590277777777 0.8556866666666667 0.578479861111111 0.8507561111111112 0.57674375 0.8456172222222222 0.5671951388888888 0.842145 0.5625944444444444 0.84152
0 0.6239659722222222 0.8420522222222222 0.6202333333333333 0.8446911111111111 0.6197125 0.8483716666666666 0.6204069444444444 0.8525383333333333 0.6225770833333333 0.8558716666666667 0.6265701388888889 0.8577466666666667 0.6269173611111111 0.8613577777777778 0.6279590277777778 0.8645522222222222 0.6319520833333333 0.8664272222222222 0.6374208333333333 0.8645522222222222 0.6406326388888889 0.8646911111111111 0.6434104166666667 0.8662883333333333 0.6474902777777778 0.8671911111111111 0.6502680555555556 0.8655244444444444 0.6507020833333333 0.855941111111111 0.6472298611111111 0.8513577777777778 0.6399381944444444 0.8498994444444444 0.6341222222222223 0.8449688888888889 0.62986875 0.8427466666666666 0.6239659722222222 0.8420522222222222
0 0.7188152777777778 0.8510105555555555 0.7067493055555556 0.8630244444444444 0.7069229166666667 0.8664272222222222 0.7094402777777779 0.8677466666666667 0.7218534722222223 0.8683022222222222 0.7273222222222222 0.8652466666666666 0.7271486111111112 0.8605244444444444 0.7215930555555556 0.8510105555555555 0.7188152777777778 0.8510105555555555
0 0.9223458333333334 0.817585 0.9258180555555556 0.8133255555555556 0.9334569444444445 0.8131405555555555 0.9429472222222223 0.8199922222222222 0.9626236111111112 0.852955 0.9709569444444445 0.8785105555555556 0.9728083333333334 0.9085105555555555 0.9679472222222223 0.9222144444444444 0.9600770833333333 0.9307327777777777 0.945725 0.9314738888888889 0.92674375 0.9218438888888889 0.91424375 0.9077700000000001 0.9031326388888888 0.8936961111111111 0.884151388888889 0.8772144444444445 0.88299375 0.8642516666666666 0.8834569444444446 0.8388811111111112 0.8853083333333334 0.8288811111111112 0.8855402777777779 0.819066111111111 0.8941048611111111 0.8094366666666667 0.9031326388888888 0.8105477777777779 0.9167902777777779 0.8177700000000001 0.9223458333333334 0.817585
0 0.9697993055555555 0.7021683333333334 0.9718826388888888 0.7070755555555556 0.9716513888888889 0.7158716666666667 0.9703777777777778 0.7258716666666667 0.969104861111111 0.7342977777777778 0.9592666666666667 0.7422605555555555 0.9504708333333334 0.7486494444444444 0.946651388888889 0.7509644444444445 0.9429472222222223 0.7502238888888889 0.9391277777777778 0.746705 0.9401694444444445 0.739205 0.94861875 0.72652 0.9564888888888889 0.7150383333333333 0.9697993055555555 0.7021683333333334
0 0.85018125 0.6711266666666666 0.8388097222222222 0.6811266666666667 0.8372472222222223 0.6849461111111111 0.8375944444444444 0.68946 0.8405458333333333 0.6897377777777778 0.8572124999999999 0.681335 0.8678027777777777 0.6733488888888889 0.8685840277777778 0.6701544444444445 0.8645909722222223 0.6691127777777778 0.85643125 0.6693211111111111 0.85018125 0.6711266666666666
0 0.7998916666666667 0.5314272222222222 0.7931208333333334 0.5369827777777778 0.789475 0.5410105555555556 0.7887805555555556 0.5458716666666666 0.7839194444444445 0.5492049999999999 0.7839194444444445 0.5525383333333334 0.7865236111111111 0.556705 0.793988888888889 0.5603161111111111 0.7990236111111112 0.5621216666666666 0.8042319444444445 0.5664272222222222 0.8104819444444444 0.5683716666666666 0.8169055555555556 0.5689272222222223 0.8226347222222222 0.5618438888888889 0.8297527777777778 0.5558716666666667 0.8342666666666667 0.5514272222222222 0.8351347222222223 0.5437883333333333 0.8323569444444445 0.5369827777777778 0.8264541666666667 0.5355938888888888 0.8158638888888889 0.5335105555555555 0.8061416666666668 0.5322605555555555 0.7998916666666667 0.5314272222222222
0 0.6466798611111112 0.5969366666666667 0.6424263888888889 0.5990200000000001 0.6412111111111112 0.6023533333333334 0.6426868055555556 0.6043672222222223 0.6471138888888889 0.606033888888889 0.6481555555555556 0.6075616666666668 0.6519750000000001 0.6084644444444445 0.6580513888888889 0.6083255555555556 0.6626520833333334 0.6070755555555556 0.6647354166666667 0.606033888888889 0.6672527777777778 0.6042977777777778 0.6676000000000001 0.6012422222222222 0.6649090277777778 0.5999922222222223 0.6555340277777778 0.5973533333333334 0.6493708333333333 0.5968672222222223 0.6466798611111112 0.5969366666666667
0 0.6256729166666667 0.5690200000000001 0.6211590277777778 0.5738116666666667 0.6171659722222222 0.5782561111111112 0.6160375 0.5825616666666668 0.6172527777777778 0.5853394444444445 0.6206381944444445 0.5867283333333334 0.6255861111111112 0.5865894444444445 0.6287979166666667 0.5873533333333334 0.6329645833333334 0.5874922222222223 0.6360027777777778 0.5856172222222222 0.6383465277777778 0.5819366666666668 0.6380861111111111 0.5784644444444444 0.6357423611111112 0.5751311111111111 0.6322701388888889 0.5720755555555556 0.6280166666666667 0.5695061111111112 0.6256729166666667 0.5690200000000001
0 0.5822701388888889 0.5470061111111111 0.5774958333333333 0.5476311111111111 0.5750652777777778 0.5495061111111111 0.5735895833333333 0.5520061111111111 0.5741972222222222 0.5545755555555556 0.5761069444444444 0.55652 0.5785375 0.5589505555555555 0.5794055555555556 0.5611033333333333 0.5813152777777778 0.5626311111111111 0.5831381944444445 0.5647144444444444 0.5834854166666668 0.5667283333333333 0.5854819444444445 0.5688811111111111 0.5897354166666667 0.569783888888889 0.5919923611111112 0.5678394444444445 0.5952909722222223 0.5667283333333333 0.5997180555555556 0.5672838888888889 0.6011069444444445 0.5661727777777777 0.6013673611111111 0.5638116666666667 0.6008465277777778 0.5606866666666667 0.6003256944444445 0.5557561111111111 0.5998048611111112 0.5528394444444444 0.5969402777777778 0.5506172222222222 0.5927736111111112 0.5491588888888889 0.5874784722222223 0.5467283333333334 0.5822701388888889 0.5470061111111111
0 0.5300715277777778 0.466335 0.5245159722222222 0.4707794444444445 0.5249784722222223 0.4776311111111111 0.5323861111111111 0.5309644444444445 0.5529881944444445 0.521335 0.5659506944444445 0.5100383333333333 0.5659506944444445 0.5035572222222222 0.5555340277777778 0.4774461111111111 0.5300715277777778 0.466335
0 0.6541451388888889 0.49207555555555554 0.6036826388888888 0.5280016666666667 0.6006729166666667 0.5420755555555555 0.61479375 0.5546683333333333 0.6180340277777778 0.5541127777777778 0.6703493055555556 0.5068905555555556 0.671275 0.5007794444444444 0.6541451388888889 0.49207555555555554
0 0.4114368055555556 0.5522605555555555 0.4106270833333333 0.5558716666666667 0.4114368055555556 0.5599461111111111 0.41375208333333335 0.5630938888888889 0.41699236111111115 0.5661494444444444 0.4223166666666666 0.5671683333333334 0.4289138888888889 0.5671683333333334 0.43666875 0.5649461111111111 0.43771041666666666 0.5603161111111111 0.4350479166666667 0.5535572222222223 0.4336590277777778 0.5501311111111111 0.4278722222222222 0.5497605555555556 0.42416875 0.5506866666666667 0.42034930555555555 0.5504088888888888 0.41514097222222224 0.5506866666666667 0.4114368055555556 0.5522605555555555
0 0.3410666666666667 0.4689272222222222 0.33817291666666666 0.47161277777777777 0.3377104166666667 0.47707555555555553 0.33863611111111114 0.4816127777777778 0.34187708333333333 0.48587166666666665 0.34685347222222224 0.4892977777777778 0.3521777777777778 0.4916127777777778 0.3598166666666666 0.49031611111111106 0.3651409722222222 0.48652 0.3659506944444445 0.48124222222222224 0.36467777777777777 0.47559388888888887 0.3588909722222222 0.4722605555555555 0.34558055555555556 0.47003833333333334 0.3410666666666667 0.4689272222222222
0 0.3153722222222222 0.43355722222222226 0.31386736111111113 0.43827944444444444 0.31386736111111113 0.44420499999999996 0.3136361111111111 0.4487422222222222 0.3168770833333333 0.4517977777777778 0.3224326388888889 0.4550383333333333 0.32648333333333335 0.4575383333333333 0.33377500000000004 0.45485333333333333 0.3380576388888889 0.45152 0.3325020833333333 0.44207555555555555 0.3263673611111111 0.4380938888888889 0.32335833333333336 0.4327238888888889 0.31722430555555553 0.43263111111111113 0.3153722222222222 0.43355722222222226
0 0.2939805555555556 0.3763538888888889 0.28911944444444443 0.37927055555555556 0.28634166666666666 0.38079833333333335 0.282175 0.3813538888888889 0.282175 0.3859372222222222 0.2844319444444444 0.3884372222222222 0.28911944444444443 0.3901038888888889 0.2951958333333333 0.39065944444444445 0.30075138888888886 0.3919094444444445 0.30769583333333334 0.3934372222222222 0.3113416666666667 0.39607611111111113 0.31724444444444444 0.39760388888888887 0.3212375 0.40107611111111113 0.32852916666666665 0.40107611111111113 0.33582083333333335 0.3984372222222222 0.33807777777777775 0.3927427777777778 0.33321666666666666 0.38677055555555556 0.3292236111111111 0.3853816666666667 0.3245361111111111 0.38621500000000003 0.3231472222222222 0.38413166666666665 0.32193194444444445 0.37940944444444447 0.3174180555555556 0.376215 0.3099527777777778 0.37538166666666667 0.3057861111111111 0.3760761111111111 0.3012722222222222 0.37788166666666667 0.2979736111111111 0.3766316666666667 0.2939805555555556 0.3763538888888889
0 0.41177569444444445 0.3832288888888889 0.4051784722222222 0.3832288888888889 0.40257430555555557 0.3872566666666667 0.3982340277777778 0.39559 0.39615069444444445 0.4011455555555556 0.3951090277777778 0.4050344444444445 0.3989284722222222 0.40684 0.4645534722222222 0.4100344444444444 0.47601180555555556 0.41017333333333333 0.4780951388888889 0.40892333333333336 0.4784423611111111 0.39059 0.47392847222222223 0.3869788888888889 0.4558729166666667 0.38656222222222225 0.4263590277777778 0.3833677777777778 0.41177569444444445 0.3832288888888889
0 0.5543104166666667 0.4364694444444444 0.54701875 0.43383055555555555 0.5425048611111111 0.43494166666666667 0.5383381944444444 0.43869166666666665 0.53451875 0.43674722222222223 0.5301784722222223 0.43674722222222223 0.5279215277777778 0.4379972222222222 0.5279215277777778 0.44521944444444445 0.5306993055555556 0.44730277777777777 0.5331298611111112 0.448275 0.53295625 0.4514694444444444 0.5362548611111111 0.4542472222222222 0.54545625 0.45369166666666666 0.5534423611111111 0.4489694444444444 0.5570881944444445 0.44480277777777777 0.5565673611111112 0.4389694444444444 0.5543104166666667 0.4364694444444444
0 0.5141486111111111 0.44845999999999997 0.5051208333333334 0.4506822222222222 0.49944930555555556 0.45244166666666663 0.4975972222222222 0.4556822222222222 0.4975972222222222 0.4590155555555555 0.49991250000000004 0.46309 0.5036159722222222 0.46725666666666665 0.5072041666666667 0.46984888888888887 0.5146111111111111 0.46984888888888887 0.5193569444444445 0.4671638888888889 0.5207458333333334 0.46271944444444446 0.5252597222222223 0.4593861111111111 0.5250277777777778 0.45605277777777775 0.5210930555555555 0.4531822222222222 0.5215555555555556 0.4503122222222222 0.5197041666666666 0.4490155555555555 0.5141486111111111 0.44845999999999997
0 0.6741597222222222 0.40003444444444447 0.6664055555555556 0.4044788888888889 0.6616597222222222 0.4070711111111111 0.6580722222222223 0.4094788888888889 0.6563361111111111 0.4118861111111111 0.6561041666666666 0.4148488888888889 0.6601555555555556 0.4193861111111111 0.6669840277777778 0.423275 0.6739284722222222 0.42262666666666665 0.6805256944444444 0.4183677777777778 0.6864284722222223 0.41299722222222224 0.6903638888888889 0.4077194444444444 0.6932569444444444 0.4018861111111111 0.6905951388888889 0.39762666666666663 0.6857340277777778 0.39521944444444446 0.6786736111111111 0.39809 0.6741597222222222 0.40003444444444447
0 0.90795625 0.44795111111111113 0.9064513888888889 0.45369166666666666 0.9029791666666667 0.45832111111111107 0.9015902777777778 0.4633211111111111 0.9019375 0.4685066666666667 0.90170625 0.4730433333333333 0.9044840277777778 0.4760066666666667 0.9107340277777779 0.48035833333333333 0.9203402777777777 0.48091388888888886 0.9322618055555556 0.4785066666666667 0.9429097222222222 0.47526555555555555 0.9449930555555556 0.4704511111111111 0.937470138888889 0.45720999999999995 0.9300625 0.4514694444444444 0.921613888888889 0.44776555555555553 0.913975 0.44739555555555555 0.90795625 0.44795111111111113
0 0.7765618055555555 0.33160833333333334 0.7710930555555555 0.3373027777777778 0.7673604166666667 0.34258055555555555 0.7644958333333334 0.34605277777777776 0.7648430555555555 0.3491083333333333 0.7677944444444444 0.35091388888888886 0.7729159722222222 0.35167777777777776 0.7759541666666667 0.35264999999999996 0.7771694444444445 0.35494166666666666 0.7825513888888889 0.35535833333333333 0.7882805555555555 0.3537611111111111 0.7924472222222222 0.3519555555555555 0.7985236111111111 0.34883055555555553 0.8024298611111111 0.34494166666666665 0.7999993055555555 0.3384138888888889 0.7955722222222222 0.33396944444444443 0.7894958333333334 0.3304972222222222 0.7837666666666667 0.3295944444444444 0.7799472222222222 0.3295944444444444 0.7765618055555555 0.33160833333333334
0 0.9042812499999999 0.18420111111111112 0.9110520833333333 0.18378444444444444 0.9193854166666666 0.18739555555555557 0.9235520833333333 0.1919788888888889 0.9296284722222222 0.19628444444444446 0.93396875 0.19878444444444446 0.9369201388888888 0.20281222222222223 0.9376145833333334 0.20739555555555556 0.9388298611111111 0.21142333333333335 0.9433437499999999 0.21475666666666668 0.94490625 0.21836777777777777 0.9435173611111111 0.22170111111111113 0.9431701388888889 0.2244788888888889 0.9440381944444444 0.22753444444444446 0.9440381944444444 0.23086777777777778 0.9431701388888889 0.2346177777777778 0.9388298611111111 0.23739555555555555 0.9311909722222222 0.23878444444444444 0.9235520833333333 0.23892333333333335 0.918517361111111 0.23656222222222223 0.9131354166666666 0.23600666666666667 0.9091423611111111 0.2346177777777778 0.9051493055555555 0.23406222222222223 0.9037604166666666 0.23142333333333334 0.8964687499999999 0.22975666666666666 0.8957743055555555 0.22614555555555557 0.8928229166666667 0.22267333333333333 0.8923020833333333 0.21864555555555557 0.8891770833333333 0.21253444444444444 0.89021875 0.20656222222222223 0.8924756944444444 0.20378444444444446 0.8935173611111111 0.19753444444444446 0.8985520833333334 0.19086777777777778 0.9042812499999999 0.18420111111111112
0 0.8436041666666666 0.22559 0.8456874999999999 0.2289927777777778 0.8463819444444444 0.2326038888888889 0.8466423611111111 0.2369788888888889 0.8466423611111111 0.24197888888888888 0.8461215277777777 0.24399277777777778 0.8434305555555556 0.24545111111111112 0.8397847222222222 0.2469788888888889 0.8388298611111111 0.24843722222222223 0.8352708333333333 0.24864555555555556 0.8310173611111111 0.24836777777777777 0.8262430555555556 0.24552055555555558 0.8215555555555555 0.24447888888888888 0.8182569444444444 0.24281222222222223 0.8156527777777778 0.23940944444444445 0.8149583333333333 0.23559 0.8165208333333334 0.2314927777777778 0.8202534722222222 0.22885388888888888 0.8265902777777777 0.226215 0.8321458333333334 0.22586777777777778 0.8383090277777777 0.22628444444444445 0.8436041666666666 0.22559
0 0.7506645833333334 0.16434 0.7430256944444446 0.16642333333333334 0.7400743055555556 0.16975666666666667 0.7418104166666667 0.17475666666666667 0.7445881944444446 0.18170111111111112 0.748407638888889 0.19031222222222222 0.7492756944444445 0.19531222222222222 0.75326875 0.19781222222222222 0.7633381944444445 0.19336777777777778 0.774970138888889 0.18892333333333333 0.7794840277777778 0.18628444444444445 0.7798312500000001 0.17920111111111112 0.7779215277777779 0.17309 0.7746229166666667 0.16711777777777778 0.7704562500000001 0.1619788888888889 0.7576090277777778 0.16295111111111113 0.7506645833333334 0.16434
0 0.2482916666666667 0.1741083333333333 0.24915972222222224 0.1831361111111111 0.2484652777777778 0.18758055555555556 0.24134722222222224 0.1918861111111111 0.23475000000000001 0.19508055555555553 0.22971527777777778 0.19230277777777777 0.22606944444444446 0.18396944444444444 0.22867361111111112 0.17855277777777775 0.23648611111111112 0.17396944444444443 0.24447222222222223 0.17327499999999998 0.2482916666666667 0.1741083333333333
0 0.4799041666666667 0.9586933333333333 0.4816402777777778 0.9532766666666667 0.48615416666666667 0.9486933333333333 0.4927513888888889 0.9488322222222222 0.5043833333333333 0.9513322222222221 0.5281680555555556 0.9542488888888888 0.5406680555555555 0.95661 0.5457027777777778 0.9586933333333333 0.5439666666666667 0.962721111111111 0.5399736111111111 0.9704988888888888 0.5356333333333333 0.9779988888888889 0.5319875000000001 0.9810544444444443 0.5156680555555556 0.97536 0.48789027777777777 0.9667488888888889 0.4799041666666667 0.9586933333333333
0 0.5726125 0.8650822222222222 0.5800777777777778 0.86286 0.5849388888888889 0.8625822222222221 0.5950083333333334 0.8696655555555555 0.6049041666666667 0.8761933333333333 0.6156680555555556 0.88411 0.624175 0.8896655555555555 0.6278208333333334 0.89286 0.6245222222222222 0.8950822222222222 0.6153208333333333 0.9009155555555555 0.6049041666666667 0.9034155555555555 0.5849388888888889 0.9016099999999999 0.5805986111111111 0.8968877777777777 0.5759111111111112 0.88786 0.5726125 0.87786 0.5715708333333334 0.8692488888888888 0.5726125 0.8650822222222222
0 0.3985965277777778 0.8262394444444444 0.41109652777777783 0.8173505555555556 0.44616597222222226 0.8134616666666666 0.4652631944444445 0.809295 0.4784576388888889 0.8079061111111111 0.4985965277777778 0.8076283333333333 0.5173465277777778 0.8190172222222222 0.5169993055555556 0.831795 0.5065826388888889 0.8387394444444445 0.5055409722222223 0.8448505555555555 0.4933881944444445 0.8490172222222222 0.4860965277777778 0.8501283333333334 0.47706875000000004 0.8512394444444444 0.46769375 0.8515172222222223 0.46317986111111115 0.8534616666666667 0.45554097222222223 0.8570727777777778 0.44581875000000004 0.856795 0.4347076388888889 0.856795 0.42672152777777783 0.8531838888888889 0.4117909722222223 0.8490172222222222 0.40102708333333337 0.8465172222222223 0.3913048611111111 0.8379061111111111 0.38991597222222224 0.8306838888888889 0.3985965277777778 0.8262394444444444
0 0.5602861111111112 0.7480911111111112 0.5613277777777778 0.7517022222222223 0.5613277777777778 0.755221111111111 0.5637583333333334 0.7596655555555555 0.5665361111111111 0.7631838888888889 0.5726701388888888 0.7639244444444445 0.5812354166666667 0.7629061111111111 0.5855173611111111 0.758368888888889 0.5860965277777778 0.7534616666666667 0.58331875 0.7488322222222221 0.5786888888888889 0.7459616666666666 0.5722076388888889 0.7457766666666666 0.5658416666666667 0.7463322222222222 0.5619062499999999 0.7460544444444444 0.5602861111111112 0.7480911111111112
0 0.9798465277777778 0.04744333333333333 0.9830868055555555 0.05336888888888888 0.9800777777777777 0.05707277777777778 0.9761423611111111 0.061517222222222216 0.9726701388888889 0.0652211111111111 0.9717444444444444 0.06855444444444445 0.9698923611111111 0.07170222222222222 0.9657256944444444 0.07485055555555556 0.9613277777777777 0.07744333333333334 0.9613277777777777 0.08003555555555555 0.95831875 0.08262833333333333 0.9557722222222221 0.08448 0.9525312499999999 0.09022111111111111 0.9476701388888888 0.09262833333333333 0.9451243055555556 0.09596166666666667 0.9381798611111112 0.09707277777777777 0.9296145833333334 0.10188777777777777 0.9252166666666666 0.10299888888888889 0.9182722222222222 0.10225777777777778 0.9161888888888888 0.09633222222222222 0.9110965277777778 0.09077666666666666 0.9080868055555555 0.08596166666666666 0.9062354166666667 0.07892444444444444 0.9064666666666666 0.07096166666666666 0.9131798611111112 0.06818388888888889 0.9171145833333333 0.06818388888888889 0.9198923611111111 0.0652211111111111 0.925911111111111 0.0652211111111111 0.9291520833333333 0.06225777777777777 0.9335499999999999 0.061517222222222216 0.9367909722222223 0.05781333333333333 0.94003125 0.05781333333333333 0.9448923611111111 0.055591111111111105 0.9485965277777778 0.05355444444444444 0.9541520833333333 0.05262833333333333 0.9550777777777777 0.04855444444444444 0.9624854166666666 0.04818388888888889 0.9661888888888888 0.04522111111111111 0.9717444444444444 0.04448 0.9761423611111111 0.04448 0.9798465277777778 0.04744333333333333
0 0.6739145833333333 0.005406111111111111 0.6715708333333333 0.006933888888888889 0.6688798611111111 0.009920000000000002 0.6687062500000001 0.014503333333333335 0.6689666666666667 0.01908666666666667 0.6693138888888889 0.023600555555555555 0.6709631944444444 0.028739444444444446 0.6720916666666666 0.033114444444444446 0.6754770833333333 0.03603111111111111 0.6782548611111111 0.03665611111111111 0.6812930555555555 0.03519777777777778 0.6861541666666666 0.032350555555555556 0.6911888888888889 0.029781111111111112 0.6970048611111112 0.028253333333333335 0.7019527777777778 0.02783666666666667 0.7057722222222222 0.028739444444444446 0.7104597222222222 0.03117 0.7148868055555555 0.03346166666666667 0.7191402777777777 0.03436444444444445 0.722786111111111 0.03380888888888889 0.7245222222222222 0.031795000000000004 0.7269527777777777 0.02755888888888889 0.7302513888888889 0.019503333333333334 0.7304249999999999 0.011864444444444445 0.7300777777777777 0.00790611111111111 0.7182722222222222 0.004642222222222222 0.7094180555555556 0.0037394444444444445 0.6961368055555556 0.0037394444444444445 0.6838972222222223 0.0036005555555555556 0.6767791666666667 0.0037394444444444445 0.6739145833333333 0.005406111111111111
0 0.5110097222222223 0.2846883333333333 0.5112409722222222 0.27691055555555555 0.5158708333333334 0.27302166666666666 0.5218888888888888 0.2693183333333333 0.5304541666666667 0.265985 0.5413333333333333 0.2643183333333333 0.5579999999999999 0.26413277777777777 0.5737409722222222 0.2639477777777778 0.5823055555555555 0.2650588888888889 0.5934166666666667 0.27098500000000003 0.6045277777777778 0.2750588888888889 0.6167965277777778 0.2822811111111111 0.62026875 0.2865405555555556 0.6128611111111111 0.2935772222222222 0.6075375000000001 0.2998738888888889 0.6066111111111111 0.3057994444444444 0.6061486111111112 0.31413277777777776 0.6070743055555555 0.3198738888888889 0.6054541666666667 0.32320722222222226 0.5989722222222222 0.3295033333333333 0.5883243055555556 0.33691055555555555 0.5799909722222222 0.3400588888888889 0.5684166666666667 0.34413277777777773 0.5561486111111111 0.34413277777777773 0.5473520833333333 0.3426516666666667 0.5371666666666667 0.3387627777777778 0.5248986111111111 0.3346883333333333 0.5133243055555555 0.3295033333333333 0.5036020833333333 0.32191055555555553 0.5008243055555556 0.3085772222222222 0.5031388888888889 0.30042944444444447 0.5093888888888889 0.2948738888888889 0.5161020833333333 0.2930216666666666 0.5179541666666667 0.2898738888888889 0.5156388888888889 0.28691055555555556 0.5110097222222223 0.2846883333333333
0 0.5873986111111111 0.19079944444444447 0.5846208333333334 0.19191055555555556 0.5816111111111111 0.20098500000000002 0.5813798611111112 0.20505888888888887 0.6195743055555556 0.26802166666666666 0.6230465277777778 0.2637627777777778 0.6452687500000001 0.2430216666666667 0.6489722222222222 0.23431833333333335 0.6063798611111111 0.19598500000000002 0.5873986111111111 0.19079944444444447
0 0.49318541666666665 0.196355 0.48739861111111116 0.2002438888888889 0.48577777777777775 0.2048738888888889 0.4876298611111111 0.20931833333333336 0.4920277777777778 0.21413277777777778 0.4980465277777778 0.21783666666666665 0.5008243055555556 0.22154055555555557 0.5110097222222223 0.22191055555555556 0.5121666666666667 0.21783666666666665 0.5191111111111111 0.2148738888888889 0.5207319444444445 0.20820722222222224 0.5181854166666666 0.2037627777777778 0.5128611111111111 0.1998738888888889 0.5082319444444445 0.19598500000000002 0.5022131944444445 0.19394777777777777 0.4966576388888889 0.19394777777777777 0.49318541666666665 0.196355
0 0.5663333333333334 0.22246611111111111 0.5598520833333334 0.2300588888888889 0.5549909722222223 0.23320722222222223 0.5494354166666666 0.23857722222222225 0.5434166666666667 0.240985 0.5387875 0.24283666666666667 0.5394819444444445 0.24709611111111113 0.5441111111111111 0.2522811111111111 0.5498986111111112 0.2539477777777778 0.5582319444444445 0.2539477777777778 0.5684166666666667 0.24931833333333334 0.5744354166666666 0.24079944444444445 0.577676388888889 0.23394777777777778 0.5742041666666667 0.2250588888888889 0.5707319444444445 0.22079944444444446 0.5663333333333334 0.22246611111111111
0 0.5795277777777778 0.15172555555555556 0.5797597222222223 0.15709611111111113 0.5816111111111111 0.16042944444444446 0.5809166666666666 0.166355 0.5857777777777777 0.1737627777777778 0.5908708333333333 0.1802438888888889 0.5968888888888889 0.18431833333333333 0.6022131944444444 0.18505888888888888 0.6068430555555556 0.1802438888888889 0.6105465277777777 0.17672555555555555 0.61425 0.16746611111111112 0.6114722222222222 0.155985 0.6049909722222222 0.15172555555555556 0.5975833333333334 0.15135500000000002 0.58901875 0.15246611111111114 0.5846208333333334 0.15320722222222224 0.5795277777777778 0.15172555555555556
0 0.5667965277777778 0.14829944444444446 0.5699215277777778 0.15135500000000002 0.5713104166666667 0.15413277777777779 0.5680118055555555 0.1562161111111111 0.5678381944444445 0.1589938888888889 0.5692270833333334 0.161355 0.5678381944444445 0.1641327777777778 0.5641923611111112 0.16816055555555556 0.5631506944444444 0.17093833333333336 0.5582895833333333 0.17232722222222224 0.5575951388888889 0.17482722222222224 0.5551645833333333 0.17593833333333334 0.5497826388888889 0.177605 0.5463104166666667 0.17857722222222222 0.5450951388888889 0.18121611111111113 0.5416229166666666 0.1827438888888889 0.5379770833333334 0.18316055555555558 0.5345048611111112 0.18191055555555558 0.5324215277777777 0.1728827777777778 0.5310326388888889 0.16996611111111112 0.5270395833333333 0.162605 0.5247826388888889 0.15718833333333335 0.5315534722222223 0.15093833333333334 0.5376298611111111 0.14871611111111113 0.5466576388888889 0.14760500000000001 0.5542965277777778 0.14746611111111113 0.5629770833333333 0.14704944444444445 0.5667965277777778 0.14829944444444446
0 0.7641451388888888 0.9761955555555556 0.759804861111111 0.9772372222222222 0.7586763888888888 0.9796677777777778 0.7604993055555554 0.9834872222222223 0.7651868055555555 0.9858483333333333 0.7693534722222222 0.9873066666666667 0.7756034722222221 0.98439 0.7761243055555554 0.9784177777777778 0.7739541666666666 0.9755011111111112 0.7679645833333333 0.9750844444444444 0.7641451388888888 0.9761955555555556
0 0.5207423611111112 0.3846677777777778 0.52815 0.3907788888888889 0.5311590277777778 0.39503777777777777 0.5323166666666667 0.40040833333333337 0.5290756944444445 0.4085566666666667 0.5246777777777777 0.41392666666666666 0.5163444444444444 0.4159638888888889 0.50963125 0.4161488888888889 0.5105569444444444 0.4011488888888889 0.5131034722222222 0.3924455555555556 0.5168069444444444 0.3876305555555556 0.5207423611111112 0.3846677777777778
0 0.4110201388888889 0.024667777777777778 0.4026868055555556 0.029112222222222223 0.3926173611111111 0.03800111111111111 0.3919229166666667 0.043001111111111115 0.4016451388888889 0.048556666666666665 0.41171458333333333 0.05383444444444444 0.4183118055555556 0.05355666666666667 0.42525625 0.04744555555555555 0.42525625 0.03744555555555556 0.42282569444444446 0.03133444444444444 0.4110201388888889 0.024667777777777778
0 0.4459736111111111 0.08096388888888889 0.43532569444444447 0.08892666666666667 0.42815 0.09374166666666667 0.43069583333333333 0.09874166666666667 0.43671458333333335 0.10374166666666668 0.45199236111111113 0.11429722222222223 0.4698166666666666 0.12966777777777777 0.4897236111111111 0.14689 0.4996777777777777 0.15540833333333334 0.5052333333333333 0.1559638888888889 0.5126402777777778 0.15133444444444444 0.5200479166666667 0.1409638888888889 0.5186590277777778 0.1361488888888889 0.4950479166666667 0.11485277777777779 0.46912222222222216 0.08985277777777778 0.4600944444444444 0.08559333333333334 0.4510666666666666 0.08170444444444445 0.4459736111111111 0.08096388888888889
1 0.2657479166666667 0.3146277777777778 0.25463680555555557 0.5985166666666666 0.16922013888888887 0.5279611111111111 0.12570138888888888 0.42833166666666667 0.13843333333333332 0.4003683333333333 0.16783125 0.3435166666666667 0.22199791666666668 0.3235166666666667 0.2581090277777778 0.3124055555555556 0.2657479166666667 0.3146277777777778
1 0.16505347222222222 0.6090722222222222 0.12408124999999999 0.6679611111111111 0.14005347222222223 0.70685 0.15949791666666666 0.7579611111111111 0.24213680555555556 0.8251833333333333 0.25463680555555557 0.59685 0.2004701388888889 0.6029611111111111 0.16505347222222222 0.6090722222222222
1 0.46435902777777777 0.7329611111111111 0.31505347222222224 0.8962944444444444 0.2810256944444445 0.9057388888888889 0.24213680555555556 0.8629611111111111 0.46435902777777777 0.7329611111111111
1 0.4692201388888889 0.7301833333333333 0.58658125 0.9012944444444444 0.6504701388888889 0.9096277777777777 0.6858868055555556 0.8540722222222222 0.4692201388888889 0.7301833333333333
1 0.4169055555555556 0.6185166666666666 0.4932944444444445 0.5922200000000001 0.5608868055555556 0.6262944444444444 0.5460722222222223 0.6874055555555555 0.4719979166666667 0.7111088888888889 0.4067201388888889 0.6788866666666667 0.4169055555555556 0.6185166666666666
1 0.26736875000000004 0.3818494444444444 0.36783125 0.5992572222222222 0.4145909722222222 0.5914794444444444 0.45996111111111115 0.5592572222222222 0.26736875000000004 0.3818494444444444
1 0.5331090277777778 0.33666444444444443 0.5409798611111111 0.34036833333333333 0.5483868055555555 0.5625905555555556 0.5122756944444444 0.5733311111111111 0.4604243055555555 0.5599977777777778 0.5331090277777778 0.33666444444444443
1 0.7673687499999999 0.40518333333333334 0.5465354166666666 0.5611088888888889 0.59885 0.5937016666666667 0.61783125 0.6007388888888888 0.7701465277777777 0.4085166666666667 0.7673687499999999 0.40518333333333334
1 0.5763965277777777 0.11425722222222223 0.5648222222222222 0.11944222222222223 0.41991458333333337 0.28647944444444445 0.4231555555555556 0.29685 0.66111875 0.3146277777777778 0.6634333333333333 0.30796111111111113 0.5763965277777777 0.11425722222222223